### Externals Camera Parameters
### ImageName x y z a1 a2 a3
### First Axis of Rotation X, Second Axis of Rotation Y, Third Axis of Rotation Z
"DSC_0001.JPG" -4.684704 -2.535041 3.430377 84.800395 -2.720692 -1.286368
"DSC_0002.JPG" -3.808071 -2.439809 3.446416 85.345740 -3.440970 0.657647
"DSC_0003.JPG" -2.546291 -2.568076 3.471659 84.526982 -4.868213 -1.178681
"DSC_0004.JPG" -1.548785 -2.597331 3.495396 85.119042 -6.473892 -0.606743
"DSC_0005.JPG" -0.916004 -2.652531 3.492288 85.093888 -4.396315 -0.173703
"DSC_0006.JPG" -0.096889 -2.680342 3.550796 89.375722 0.400427 0.066997
"DSC_0007.JPG" 0.438243 -2.733368 3.541045 87.381824 -1.367942 0.449047
"DSC_0008.JPG" 1.104370 -2.777702 3.569404 87.301934 -3.275627 0.723700
"DSC_0009.JPG" 1.948233 -2.783073 3.575951 87.819975 -5.408150 0.558653
"DSC_0010.JPG" 2.886954 -2.832491 3.589082 87.668740 -0.880890 0.696121
"DSC_0011.JPG" 3.786227 -2.905976 3.586781 85.277668 0.367113 0.018070
"DSC_0012.JPG" 4.716904 -2.898588 3.595928 83.683011 -1.467189 -0.428553
"DSC_0013.JPG" 5.551918 -2.955622 3.605702 83.938999 -4.446630 -0.551069
"DSC_0014.JPG" 5.962476 -3.089247 3.661220 92.478469 -1.106180 -0.371554
"DSC_0015.JPG" 5.496263 -5.487486 2.727557 61.766017 2.438699 -3.928632
"DSC_0016.JPG" 4.268619 -5.399900 2.708804 61.951994 1.229103 -2.488433
"DSC_0017.JPG" 3.281558 -5.286835 2.680742 60.399491 1.283259 -2.227429
"DSC_0018.JPG" 2.054124 -5.268102 2.671096 62.093645 2.218045 -2.691974
"DSC_0019.JPG" 0.885613 -5.188871 2.664950 63.400620 0.069294 -2.773128
"DSC_0020.JPG" -0.645273 -5.228248 2.629757 62.610125 3.106422 -1.484205
"DSC_0021.JPG" -2.109090 -5.069871 2.609895 62.211357 2.278325 -2.909522
"DSC_0022.JPG" -3.245380 -5.095685 2.596111 64.287668 2.072547 -2.667486
"DSC_0023.JPG" -4.227004 -5.012947 2.583026 63.622842 -1.602572 -3.799521
"DSC_0024.JPG" -4.228336 -4.049546 2.749972 69.046148 -3.606539 -1.897149
"DSC_0025.JPG" -3.386436 -3.987855 2.774655 69.679781 -4.611178 -1.376020
"DSC_0026.JPG" -2.137956 -4.057474 2.801041 71.517875 -3.439386 -0.189041
"DSC_0027.JPG" -1.232738 -4.136127 2.811843 71.100540 -2.488618 -0.085415
"DSC_0028.JPG" -0.170965 -4.124922 2.836533 72.094415 -0.902840 -0.600768
"DSC_0029.JPG" 0.617495 -4.090521 2.863413 73.576589 -1.673391 -0.799536
"DSC_0030.JPG" 1.234921 -4.011594 2.882539 73.758732 -0.630824 -1.117099
"DSC_0031.JPG" 2.106589 -4.149515 2.877308 72.843325 -3.746711 -0.195947
"DSC_0032.JPG" 2.981438 -4.127348 2.892049 72.229669 -2.787008 -0.900577
"DSC_0033.JPG" 3.828825 -4.256159 2.893893 71.911525 -2.554906 -1.591158
"DSC_0034.JPG" 4.681642 -4.379132 2.907971 73.679484 -2.918722 -1.223899
"DSC_0035.JPG" 5.678743 -4.457669 2.920654 74.217655 -4.281587 -2.914242
"DSC_0036.JPG" 5.160081 -2.504248 3.713852 59.832338 5.807903 -0.479519
"DSC_0037.JPG" 4.466926 -2.486075 3.705568 62.615838 6.265989 -0.405400
"DSC_0038.JPG" 3.660044 -2.432100 3.694693 62.603435 5.746909 -1.494745
"DSC_0039.JPG" 2.968945 -2.365307 3.684634 62.051867 4.875735 -1.783336
"DSC_0040.JPG" 2.178137 -2.364745 3.669622 63.027649 3.538019 -2.555924
"DSC_0041.JPG" 1.670360 -2.357578 3.662756 63.430848 2.592785 -3.572769
"DSC_0042.JPG" 1.197498 -2.248326 3.674703 63.798130 4.405101 -2.086607
"DSC_0043.JPG" 0.956695 -2.254876 3.669779 64.933280 -2.378798 -4.422704
"DSC_0044.JPG" 0.297122 -2.315201 3.663806 65.681887 0.690889 -0.541971
"DSC_0045.JPG" -0.315564 -2.192770 3.650679 64.140490 1.918503 -0.499611
"DSC_0046.JPG" -1.000016 -2.129680 3.625429 62.992935 1.922237 -1.790948
"DSC_0047.JPG" -1.611402 -2.137373 3.617106 62.946434 -0.411446 -1.717323
"DSC_0048.JPG" -2.379538 -2.118076 3.606916 61.864485 14.707284 2.799886
"DSC_0049.JPG" -3.285159 -2.115128 3.623266 67.567107 10.124544 -0.267476
"DSC_0050.JPG" -3.812707 -0.889475 4.440524 68.375776 -0.243039 -2.071146
"DSC_0051.JPG" -3.102444 -0.829232 4.484748 71.073752 5.391095 -0.183725
"DSC_0052.JPG" -2.339382 -0.839244 4.495240 71.211760 2.137535 -1.690545
"DSC_0053.JPG" -1.445912 -0.898310 4.493537 68.583337 0.123674 -2.801802
"DSC_0054.JPG" -0.608816 -0.963439 4.509939 69.520608 0.088457 -2.056084
"DSC_0055.JPG" 0.185124 -0.997811 4.513389 68.752281 2.824169 -1.132940
"DSC_0056.JPG" 0.460571 -1.038493 4.505401 68.114765 2.995886 -0.978575
"DSC_0057.JPG" 1.176737 -1.155477 4.493449 68.690241 -4.544362 -1.153518
"DSC_0058.JPG" 1.936408 -1.076509 4.515334 67.374224 -2.482360 -1.234482
"DSC_0059.JPG" 2.626689 -1.159228 4.514434 66.253200 -0.661129 -0.604765
"DSC_0060.JPG" 3.377264 -1.230041 4.535800 68.829867 -2.697472 -1.560490
"DSC_0061.JPG" 4.113208 -1.256099 4.551434 70.052127 -3.868323 -1.656850
"DSC_0062.JPG" 4.863795 -1.293985 4.556915 70.600650 -3.882940 -2.378203
"DSC_0063.JPG" 5.251614 -1.342970 4.557845 71.898208 -7.437830 -2.164654
"DSC_0064.JPG" 3.651904 -0.445802 5.222787 131.974342 -147.216226 20.992272
"DSC_0065.JPG" 3.549971 -0.354092 5.222583 157.137697 -125.412590 57.676506
"DSC_0066.JPG" 3.634585 0.161859 5.264324 6.582982 -56.150259 -91.787437
"DSC_0067.JPG" 3.469149 1.128130 5.365738 0.791659 -58.214957 -97.732669
"DSC_0068.JPG" 3.504846 2.202077 5.449516 178.525680 -123.057563 81.024495
"DSC_0069.JPG" 2.467010 2.616624 5.529190 12.126252 -67.357214 -83.875236
"DSC_0070 (2).JPG" -1.996277 -0.076613 5.132862 165.986309 122.421748 -75.711051
"DSC_0070.JPG" -12.381763 -2.017328 2.741752 22.440676 -83.481083 -74.715313
"DSC_0071 (2).JPG" -2.035438 0.564740 5.143402 8.683585 51.310847 82.273002
"DSC_0071.JPG" -12.189271 -4.531929 2.593633 77.722584 -74.237265 -19.830950
"DSC_0072 (2).JPG" -2.052211 1.168377 5.212365 10.135373 48.825386 82.758244
"DSC_0072.JPG" -11.820623 -7.596453 2.378919 90.986771 -55.328333 -5.265803
"DSC_0073 (2).JPG" -1.001925 2.323368 5.347434 7.050015 53.248920 86.334262
"DSC_0073.JPG" -10.837121 -10.146764 2.192211 92.695227 -47.881207 -2.556491
"DSC_0074 (2).JPG" -0.451857 3.153166 5.543865 33.114605 64.535368 58.606482
"DSC_0074.JPG" -9.446914 -12.367650 2.030430 91.931955 -33.678566 -3.276645
"DSC_0075 (2).JPG" -0.748674 0.733015 5.286034 62.362613 40.314854 22.195416
"DSC_0075.JPG" -7.479341 -14.269930 1.907164 94.409726 -28.839705 -0.283786
"DSC_0076 (2).JPG" 1.766593 0.882113 5.362462 58.449417 -55.454573 -31.879121
"DSC_0076.JPG" -5.256955 -15.887877 1.818604 93.726369 -19.761932 -1.208060
"DSC_0077 (2).JPG" 6.400878 2.703940 5.552577 161.752103 139.096286 -62.317920
"DSC_0077.JPG" -2.874785 -16.803572 1.796530 95.142207 -9.672901 0.416459
"DSC_0078 (2).JPG" 6.209680 1.640977 5.462832 11.129342 46.406362 82.778738
"DSC_0078.JPG" -0.366063 -17.421839 1.785158 94.452505 -5.529532 0.722433
"DSC_0079 (2).JPG" 5.817993 0.630696 5.355950 38.808089 29.630132 32.817894
"DSC_0079.JPG" 1.534114 -17.409382 1.810806 92.653884 3.507066 -0.183216
"DSC_0080 (2).JPG" 5.187126 0.080238 5.301753 49.353385 11.308163 7.192319
"DSC_0080.JPG" 3.445868 -16.952736 1.878289 92.868883 4.039593 -0.289499
"DSC_0081 (2).JPG" -4.617799 3.329603 5.415950 146.384759 -137.354046 38.136333
"DSC_0081.JPG" 5.422518 -16.382951 1.942438 91.111042 6.612872 -0.111096
"DSC_0082 (2).JPG" -4.628471 2.723068 5.364120 163.771189 -130.441430 61.214137
"DSC_0082.JPG" 7.258888 -15.465219 2.067223 92.091094 13.175830 -1.471473
"DSC_0083 (2).JPG" -4.539190 1.895167 5.280718 16.705041 -49.455360 -78.378217
"DSC_0083.JPG" 8.525088 -14.118236 2.201768 89.040953 26.021002 0.514196
"DSC_0084 (2).JPG" -4.377466 0.916611 5.211203 44.530610 -42.406759 -40.709323
"DSC_0084.JPG" 9.720386 -13.420983 2.260636 91.276046 25.963878 -0.857286
"DSC_0085 (2).JPG" -3.417607 0.290785 5.164747 55.840747 -23.519209 -17.320900
"DSC_0085.JPG" 10.950801 -12.169252 2.406584 91.120699 42.777639 1.313233
"DSC_0086 (2).JPG" -2.002733 0.445455 5.111282 55.100158 11.147795 9.169618
"DSC_0086.JPG" 11.769265 -10.947813 2.524022 92.047148 48.690997 -0.357806
"DSC_0087 (2).JPG" -0.929490 1.247490 5.223056 39.372995 40.646710 42.644951
"DSC_0087.JPG" 12.646191 -9.330647 2.662140 91.452560 55.527095 1.599415
"DSC_0088 (2).JPG" -0.777950 2.766232 5.369331 0.182218 51.611666 95.723319
"DSC_0088.JPG" 13.702443 -7.522320 2.841263 91.452845 61.004460 3.859584
"DSC_0089 (2).JPG" -3.157310 0.540447 5.053351 146.534346 173.299561 -4.531362
"DSC_0089.JPG" 15.147697 -5.165913 3.035898 92.660232 70.585627 2.589926
"DSC_0090 (2).JPG" -2.400032 0.526872 5.083493 144.024829 -179.891943 -2.301220
"DSC_0090.JPG" 15.424983 -2.799653 3.277490 81.699781 80.601717 13.651966
"DSC_0091 (2).JPG" -1.629556 0.493642 5.097367 144.149358 -179.471736 -2.429136
"DSC_0091.JPG" 11.180631 -4.782639 3.433083 68.183614 69.470472 26.998392
"DSC_0092 (2).JPG" -0.680725 0.472675 5.107030 145.079716 -179.548322 -3.446251
"DSC_0092.JPG" 10.143577 -6.307128 3.309869 77.757292 52.067985 11.129812
"DSC_0093 (2).JPG" 0.327279 0.507563 5.140641 143.186273 177.643848 -4.870478
"DSC_0093.JPG" 9.087013 -7.055849 3.210712 82.536228 40.415152 5.980932
"DSC_0094 (2).JPG" 1.439804 0.436552 5.147256 145.704663 -178.088253 -3.352822
"DSC_0094.JPG" 7.302750 -7.799547 3.117821 86.654871 14.739595 0.182402
"DSC_0095 (2).JPG" 2.403247 0.437794 5.173343 143.504043 -179.171971 -4.164398
"DSC_0095.JPG" 4.325733 -7.459217 3.080303 88.775688 -11.318277 -2.770046
"DSC_0096 (2).JPG" 3.280351 0.492413 5.210333 142.133499 -175.258615 -3.454276
"DSC_0096.JPG" 2.657280 -7.336777 3.101042 90.005151 -5.394039 -1.276670
"DSC_0097 (2).JPG" 4.084008 0.537004 5.250744 140.699898 -167.365475 -0.342724
"DSC_0097.JPG" 0.749953 -7.183376 3.034043 91.477735 -3.549245 -0.712159
"DSC_0098 (2).JPG" -7.671027 -1.131726 3.010696 106.331488 -100.164952 12.152376
"DSC_0098.JPG" -1.447618 -6.922489 2.902412 86.775718 5.370726 1.165477
"DSC_0099 (2).JPG" -7.339535 -0.027099 3.085516 105.664528 -98.592636 10.593543
"DSC_0099.JPG" -3.079115 -6.666891 2.958522 88.515363 19.029021 1.575608
"DSC_0100 (2).JPG" -7.211444 0.594333 3.190502 118.113476 -95.953236 23.366034
"DSC_0100.JPG" -4.597860 -6.479683 2.933274 87.003026 5.489811 -1.760727
"DSC_0101 (2).JPG" -7.051789 1.295815 3.276813 106.260755 -98.960156 12.274427
"DSC_0101.JPG" -6.064103 -6.157781 2.927800 85.799507 -14.006790 -2.187537
"DSC_0102 (2).JPG" -7.006246 2.024236 3.363387 97.800322 -95.444248 2.865439
"DSC_0102.JPG" -8.034251 -5.233189 2.901640 83.804282 -42.205947 -12.423076
"DSC_0103 (2).JPG" -6.991044 2.517708 3.385523 136.513691 -93.129192 41.606667
"DSC_0103.JPG" -12.129170 -1.477289 1.810990 85.705655 -94.163137 -9.344921
"DSC_0104 (2).JPG" -7.054362 2.696487 3.414334 87.173460 -76.546174 -7.160408
"DSC_0104.JPG" -12.096473 -3.030459 1.705614 91.430594 -87.043477 -3.875686
"DSC_0105 (2).JPG" -7.292611 2.572230 3.396811 95.008848 -48.025299 0.096884
"DSC_0105.JPG" -11.907004 -4.645062 1.583199 96.325184 -78.980943 1.527793
"DSC_0106 (2).JPG" 8.936158 -3.304459 3.151473 55.242060 82.005447 39.938897
"DSC_0106.JPG" -11.722180 -6.670116 1.426277 97.671283 -69.587911 2.786258
"DSC_0107 (2).JPG" 9.025811 -1.959133 3.296387 78.000946 82.757204 17.864606
"DSC_0107.JPG" -11.254852 -8.346725 1.308453 95.176191 -57.295592 0.542769
"DSC_0108 (2).JPG" 8.876965 -0.659108 3.396212 55.550255 83.306740 39.491582
"DSC_0108.JPG" -10.461178 -10.034965 1.156295 95.150179 -52.116803 1.169854
"DSC_0109 (2).JPG" 8.826298 0.256339 3.511619 40.962820 84.266783 53.533233
"DSC_0109.JPG" -9.605006 -11.635085 1.028939 95.546126 -46.383282 2.908735
"DSC_0110 (2).JPG" 8.803917 1.072053 3.586868 17.435117 84.369022 76.510518
"DSC_0110.JPG" -8.564183 -12.914384 0.964429 97.392988 -38.837084 2.643290
"DSC_0111 (2).JPG" 8.832389 1.778197 3.661365 0.277954 85.048197 93.404622
"DSC_0111.JPG" -8.592154 -12.776664 0.980818 96.567244 -40.960450 2.454382
"DSC_0112 (2).JPG" 8.865290 1.871352 3.669794 81.923892 64.737181 11.423628
"DSC_0112.JPG" -7.480518 -13.923541 0.925999 97.044589 -31.576955 3.897059
"DSC_0113 (2).JPG" 8.032436 0.784439 3.534241 94.040139 20.508136 0.263668
"DSC_0113.JPG" -6.274629 -14.865129 0.868115 97.597582 -24.833028 3.329963
"DSC_0114 (2).JPG" 9.198405 2.405721 3.654172 85.766572 64.957372 4.347691
"DSC_0114.JPG" -4.644603 -15.811784 0.827837 100.233812 -17.508534 3.633131
"DSC_0115 (2).JPG" 6.386314 -4.299810 3.195296 119.462908 3.561922 0.291297
"DSC_0115.JPG" -2.736157 -16.436877 0.799522 99.807273 -9.925635 2.106638
"DSC_0116 (2).JPG" 5.151912 -4.633371 3.202936 124.140779 5.903101 -0.245708
"DSC_0116.JPG" -1.048839 -17.459713 0.746759 98.820125 -5.921910 1.426951
"DSC_0117 (2).JPG" 3.875557 -4.534010 3.199338 124.337927 6.207829 1.785686
"DSC_0117.JPG" 0.976869 -17.755900 0.754407 98.044692 -7.584413 0.566428
"DSC_0118 (2).JPG" 2.693406 -4.351512 3.211036 126.705480 8.112974 0.806482
"DSC_0118.JPG" 2.596986 -16.708974 0.861949 97.222158 9.248345 0.063107
"DSC_0119 (2).JPG" 1.711843 -4.383225 3.202596 126.786883 5.181832 2.329232
"DSC_0119.JPG" 4.535752 -16.301959 0.944406 98.224714 5.288969 1.499193
"DSC_0120 (2).JPG" 0.549755 -4.216007 3.188727 125.443825 7.540296 0.478825
"DSC_0120.JPG" 6.379670 -15.541841 1.022010 99.026694 9.442279 -1.525592
"DSC_0121 (2).JPG" -0.552125 -4.441438 3.135569 129.444390 -8.954744 6.710057
"DSC_0121.JPG" 7.749246 -14.651106 1.080435 97.255823 21.659306 0.029489
"DSC_0122 (2).JPG" -1.549694 -4.434869 3.146813 131.099981 -11.268856 6.839605
"DSC_0122.JPG" 9.468204 -13.265522 1.239332 96.491588 30.872323 0.601506
"DSC_0123 (2).JPG" -2.873381 -4.467534 3.104662 128.411163 -11.568181 7.124264
"DSC_0123.JPG" 10.546709 -12.138787 1.345707 97.951341 41.815188 -1.003401
"DSC_0124 (2).JPG" -4.468499 -4.350004 3.099123 134.774113 -24.184007 20.437742
"DSC_0124.JPG" 11.597479 -10.547487 1.509934 96.654232 47.859898 -1.336372
"DSC_0125 (2).JPG" -5.347647 -4.141904 3.095690 136.858848 -30.631317 22.499986
"DSC_0125.JPG" 12.495698 -8.939039 1.694915 97.403837 54.019717 -0.394934
"DSC_0126 (2).JPG" -6.189021 -3.523866 3.136609 141.252609 -33.731214 30.003233
"DSC_0126.JPG" 13.489468 -7.113403 1.759167 95.764813 62.770358 -0.482460
"DSC_0127 (2).JPG" -11.156415 1.560606 3.504258 4.753194 -123.843561 -91.709968
"DSC_0127.JPG" 15.026553 -4.278359 1.976511 100.033895 76.696758 -3.203327
"DSC_0128 (2).JPG" -11.035514 0.322706 3.222007 159.259557 -51.306986 60.473842
"DSC_0128.JPG" 15.668684 -1.847469 2.347977 99.068157 72.748718 -3.850348
"DSC_0129 (2).JPG" -10.830053 -1.142654 3.157283 157.371528 -49.577183 58.683123
"DSC_0129.JPG" -8.716034 -9.234126 2.281786 93.946718 -2.047569 1.595081
"DSC_0130 (2).JPG" -10.620772 -2.676168 3.048105 146.183449 -46.915784 45.522769
"DSC_0130.JPG" -7.211065 -9.999962 2.187336 92.025979 -0.141073 -0.425245
"DSC_0131 (2).JPG" 10.210001 -4.897022 3.247589 134.912659 42.321665 -23.670246
"DSC_0131.JPG" -5.823194 -10.427286 2.204113 92.518503 -9.091162 0.175625
"DSC_0132 (2).JPG" 10.706656 -3.296390 3.422325 143.642623 45.003309 -38.323630
"DSC_0132.JPG" -4.287169 -10.781995 2.164449 91.993089 -3.508297 -0.468153
"DSC_0133 (2).JPG" 11.123353 -1.372894 3.631868 160.639471 50.872909 -61.903313
"DSC_0133.JPG" -2.786142 -11.030470 2.163533 92.951452 -4.042462 -0.221375
"DSC_0134 (2).JPG" 11.311788 -0.188909 3.789236 157.379963 48.717035 -55.151048
"DSC_0134.JPG" -1.553315 -11.313807 2.150893 92.495765 -4.646730 0.496889
"DSC_0135 (2).JPG" 11.502308 1.211303 3.921248 171.584586 53.226746 -72.991858
"DSC_0135.JPG" -0.055315 -11.349449 2.119203 92.909277 -4.534474 0.784046
"DSC_0136 (2).JPG" 11.746419 -5.284070 2.902396 23.034617 70.888113 70.728196
"DSC_0136.JPG" 1.502749 -11.486628 2.201204 91.726219 -6.788056 0.775245
"DSC_0137 (2).JPG" 11.432927 -6.539051 2.765650 42.710981 64.937082 47.402004
"DSC_0137.JPG" 3.067409 -11.706116 2.239431 92.061012 -5.539551 0.645863
"DSC_0138 (2).JPG" 10.492819 -8.076237 2.636270 66.804423 49.892355 18.897351
"DSC_0138.JPG" 4.614970 -11.846309 2.286718 93.654662 -3.862258 0.620742
"DSC_0139 (2).JPG" 9.210618 -8.853194 2.526078 72.372936 29.481531 9.210327
"DSC_0139.JPG" 6.350784 -11.940110 2.322994 93.366689 -6.502603 0.779514
"DSC_0140 (2).JPG" 7.191220 -9.332313 2.439956 79.195924 6.546932 0.313471
"DSC_0140.JPG" 8.123373 -11.876928 2.381496 96.247328 -9.150850 1.184577
"DSC_0141 (2).JPG" -10.670029 -3.467217 2.719845 22.199317 -71.804392 -74.361018
"DSC_0141.JPG" 9.545592 -11.946526 2.423673 96.690003 -8.231731 0.673557
"DSC_0142 (2).JPG" -10.593905 -4.512838 2.640646 46.080586 -69.130756 -49.497853
"DSC_0142.JPG" 9.183151 -12.282707 0.396979 95.150554 -4.075442 0.408045
"DSC_0143 (2).JPG" -10.548891 -5.441074 2.559098 56.031090 -63.110977 -38.229082
"DSC_0143.JPG" 7.845629 -11.913739 0.393630 95.446741 -15.808785 0.452451
"DSC_0144 (2).JPG" -9.529820 -6.781782 2.355892 67.867564 -48.572379 -22.252013
"DSC_0144.JPG" 6.815535 -11.740966 0.375190 94.191467 -2.954351 0.657757
"DSC_0145 (2).JPG" -8.156664 -7.612932 2.309334 75.129618 -31.815239 -10.937002
"DSC_0145.JPG" 5.604140 -11.655533 0.346298 94.318579 -4.403289 0.848233
"DSC_0146 (2).JPG" -6.895654 -8.240390 2.287880 79.111182 -14.256032 -3.297394
"DSC_0146.JPG" 4.548221 -11.510631 0.326240 94.309594 -7.871167 0.741198
"DSC_0147 (2).JPG" -5.465285 -8.430573 2.289336 79.275940 -0.691559 0.734839
"DSC_0147.JPG" 3.345970 -11.369291 0.294853 93.882830 -6.327392 1.115952
"DSC_0148 (2).JPG" -4.767526 -2.815599 4.985477 17.061751 -65.131254 -79.832875
"DSC_0148.JPG" 2.205097 -11.252597 0.268149 94.914778 -5.447466 0.804974
"DSC_0149 (2).JPG" -4.808263 -2.789499 5.000526 29.368984 -66.028900 -67.853247
"DSC_0149.JPG" 1.122753 -11.187711 0.223804 94.999315 -1.130649 1.760707
"DSC_0150 (2).JPG" -4.813429 -2.716440 5.002686 48.288271 -59.048030 -46.968414
"DSC_0150.JPG" 0.494643 -11.105761 0.206195 97.776114 -5.529955 3.319468
"DSC_0151 (2).JPG" -4.897017 -2.605980 5.011643 64.475790 -43.704000 -27.046947
"DSC_0151.JPG" -0.452090 -11.044933 0.198119 95.869375 -5.347728 -2.694739
"DSC_0152 (2).JPG" -4.949681 -2.499950 5.014880 69.712095 -25.647917 -16.666071
"DSC_0152.JPG" -1.359926 -11.021259 0.206599 94.516750 -4.252449 -1.183617
"DSC_0153 (2).JPG" -5.101363 -2.446136 5.013197 70.851177 -9.641601 -8.285156
"DSC_0153.JPG" -2.171247 -10.917350 0.207479 94.996587 -5.935499 -1.008253
"DSC_0154 (2).JPG" -5.191900 -2.456756 5.005211 69.945140 8.256307 -1.000449
"DSC_0154.JPG" -3.280359 -10.730609 0.218765 94.700701 -6.342745 -1.283715
"DSC_0155.JPG" -4.325563 -10.454644 0.235010 93.829814 -2.989781 -1.292971
"DSC_0156.JPG" -5.483062 -10.135438 0.260855 94.949404 -6.371615 -0.848446
"DSC_0157.JPG" -6.505493 -9.900061 0.275811 95.078543 -5.252646 -0.519635
"DSC_0158.JPG" -7.484233 -9.763278 0.276747 95.028382 0.225208 -0.508790
"DSC_0159.JPG" 1.579403 -20.532266 1.530961 97.974090 1.144109 0.586762
"DSC_0160 (2).JPG" 6.271333 -3.106213 5.165685 72.713281 9.247574 1.200828
"DSC_0160.JPG" 0.579894 -20.419218 1.562911 97.731543 -2.331894 0.106678
"DSC_0161.JPG" -0.760172 -20.138041 1.567005 96.654210 -2.904876 1.009093
"DSC_0162.JPG" -2.218344 -20.050173 1.551445 97.741944 -9.823351 2.745556
"DSC_0163.JPG" -5.494708 -5.679923 2.664178 88.751336 -4.753770 0.620466
"DSC_0164.JPG" -3.741963 -5.551414 2.697429 86.878997 -3.950963 0.848280
"DSC_0165.JPG" -2.346412 -5.589787 2.714933 85.590956 -4.140066 0.464358
"DSC_0166.JPG" -1.184561 -5.689053 2.742039 86.909942 -8.210837 1.920841
"DSC_0167.JPG" 0.416614 -5.704852 2.769918 86.698770 -2.663588 2.217621
"DSC_0168.JPG" 1.759644 -5.578222 2.816156 88.366974 3.441299 1.469390
"DSC_0169.JPG" 3.174318 -5.516821 2.846218 87.511384 1.367227 0.807329
"DSC_0170.JPG" 4.633342 -5.430037 2.883884 87.390664 -3.107083 0.558210
"DSC_0171.JPG" 6.128611 -5.400878 2.943829 89.012040 -2.397763 0.796897
"DSC_0172.JPG" 7.268609 -5.444356 2.936763 89.575095 5.737615 2.108473
"DSC_0173.JPG" 6.239166 -6.475759 1.698100 85.987895 -0.399832 0.442781
"DSC_0174.JPG" 4.893222 -6.347896 1.664946 84.208761 -3.650176 1.714637
"DSC_0175.JPG" 3.492838 -6.164254 1.664848 83.551456 -2.765117 1.464094
"DSC_0176.JPG" 2.390497 -5.901416 1.627028 82.621799 -3.262554 0.779592
"DSC_0177.JPG" 1.317680 -5.650352 1.596421 82.309427 -0.564001 1.561042
"DSC_0178.JPG" 0.110565 -5.495969 1.618687 80.070544 -1.003048 0.526029
"DSC_0179.JPG" -1.193387 -5.496403 1.647126 79.153667 -2.058314 -0.328581
"DSC_0180.JPG" -2.478101 -5.418533 1.625795 81.505610 -3.411470 1.270946
"DSC_0181.JPG" -3.815306 -5.404203 1.579913 81.506379 -1.969452 -0.151813
"DSC_0182.JPG" -4.515688 -5.461290 1.519475 83.675340 -7.117168 0.323379
"DSC_0183.JPG" -5.284876 -5.394523 1.489299 83.049875 -11.784231 -0.029292
