### Internals Camera Parameters
### ImageName fx fy cx cy skew k1 k2 k3 p1 p2
"DSC_0001.JPG" 7194.745832 7194.745832 3167.369998 1898.242062 0.000000 -0.048079 0.016550 0.005100 -0.003877 0.002808
"DSC_0002.JPG" 7194.745832 7194.745832 3167.369998 1898.242062 0.000000 -0.048079 0.016550 0.005100 -0.003877 0.002808
"DSC_0003.JPG" 7194.745832 7194.745832 3167.369998 1898.242062 0.000000 -0.048079 0.016550 0.005100 -0.003877 0.002808
"DSC_0004.JPG" 7194.745832 7194.745832 3167.369998 1898.242062 0.000000 -0.048079 0.016550 0.005100 -0.003877 0.002808
"DSC_0005.JPG" 7194.745832 7194.745832 3167.369998 1898.242062 0.000000 -0.048079 0.016550 0.005100 -0.003877 0.002808
"DSC_0006.JPG" 7194.745832 7194.745832 3167.369998 1898.242062 0.000000 -0.048079 0.016550 0.005100 -0.003877 0.002808
"DSC_0007.JPG" 7194.745832 7194.745832 3167.369998 1898.242062 0.000000 -0.048079 0.016550 0.005100 -0.003877 0.002808
"DSC_0008.JPG" 7194.745832 7194.745832 3167.369998 1898.242062 0.000000 -0.048079 0.016550 0.005100 -0.003877 0.002808
"DSC_0009.JPG" 7194.745832 7194.745832 3167.369998 1898.242062 0.000000 -0.048079 0.016550 0.005100 -0.003877 0.002808
"DSC_0010.JPG" 7194.745832 7194.745832 3167.369998 1898.242062 0.000000 -0.048079 0.016550 0.005100 -0.003877 0.002808
"DSC_0011.JPG" 7194.745832 7194.745832 3167.369998 1898.242062 0.000000 -0.048079 0.016550 0.005100 -0.003877 0.002808
"DSC_0012.JPG" 7194.745832 7194.745832 3167.369998 1898.242062 0.000000 -0.048079 0.016550 0.005100 -0.003877 0.002808
"DSC_0013.JPG" 7194.745832 7194.745832 3167.369998 1898.242062 0.000000 -0.048079 0.016550 0.005100 -0.003877 0.002808
"DSC_0014.JPG" 7194.745832 7194.745832 3167.369998 1898.242062 0.000000 -0.048079 0.016550 0.005100 -0.003877 0.002808
"DSC_0015.JPG" 4708.062669 4708.062669 3137.203479 1967.888751 0.000000 -0.085710 0.010878 0.005777 -0.001943 0.001792
"DSC_0016.JPG" 4708.062669 4708.062669 3137.203479 1967.888751 0.000000 -0.085710 0.010878 0.005777 -0.001943 0.001792
"DSC_0017.JPG" 4708.062669 4708.062669 3137.203479 1967.888751 0.000000 -0.085710 0.010878 0.005777 -0.001943 0.001792
"DSC_0018.JPG" 4708.062669 4708.062669 3137.203479 1967.888751 0.000000 -0.085710 0.010878 0.005777 -0.001943 0.001792
"DSC_0019.JPG" 4708.062669 4708.062669 3137.203479 1967.888751 0.000000 -0.085710 0.010878 0.005777 -0.001943 0.001792
"DSC_0020.JPG" 4708.062669 4708.062669 3137.203479 1967.888751 0.000000 -0.085710 0.010878 0.005777 -0.001943 0.001792
"DSC_0021.JPG" 4708.062669 4708.062669 3137.203479 1967.888751 0.000000 -0.085710 0.010878 0.005777 -0.001943 0.001792
"DSC_0022.JPG" 4708.062669 4708.062669 3137.203479 1967.888751 0.000000 -0.085710 0.010878 0.005777 -0.001943 0.001792
"DSC_0023.JPG" 4708.062669 4708.062669 3137.203479 1967.888751 0.000000 -0.085710 0.010878 0.005777 -0.001943 0.001792
"DSC_0024.JPG" 4708.062669 4708.062669 3137.203479 1967.888751 0.000000 -0.085710 0.010878 0.005777 -0.001943 0.001792
"DSC_0025.JPG" 4708.062669 4708.062669 3137.203479 1967.888751 0.000000 -0.085710 0.010878 0.005777 -0.001943 0.001792
"DSC_0026.JPG" 4708.062669 4708.062669 3137.203479 1967.888751 0.000000 -0.085710 0.010878 0.005777 -0.001943 0.001792
"DSC_0027.JPG" 4708.062669 4708.062669 3137.203479 1967.888751 0.000000 -0.085710 0.010878 0.005777 -0.001943 0.001792
"DSC_0028.JPG" 4708.062669 4708.062669 3137.203479 1967.888751 0.000000 -0.085710 0.010878 0.005777 -0.001943 0.001792
"DSC_0029.JPG" 4708.062669 4708.062669 3137.203479 1967.888751 0.000000 -0.085710 0.010878 0.005777 -0.001943 0.001792
"DSC_0030.JPG" 4708.062669 4708.062669 3137.203479 1967.888751 0.000000 -0.085710 0.010878 0.005777 -0.001943 0.001792
"DSC_0031.JPG" 4708.062669 4708.062669 3137.203479 1967.888751 0.000000 -0.085710 0.010878 0.005777 -0.001943 0.001792
"DSC_0032.JPG" 4708.062669 4708.062669 3137.203479 1967.888751 0.000000 -0.085710 0.010878 0.005777 -0.001943 0.001792
"DSC_0033.JPG" 4708.062669 4708.062669 3137.203479 1967.888751 0.000000 -0.085710 0.010878 0.005777 -0.001943 0.001792
"DSC_0034.JPG" 4708.062669 4708.062669 3137.203479 1967.888751 0.000000 -0.085710 0.010878 0.005777 -0.001943 0.001792
"DSC_0035.JPG" 4708.062669 4708.062669 3137.203479 1967.888751 0.000000 -0.085710 0.010878 0.005777 -0.001943 0.001792
"DSC_0036.JPG" 4708.062669 4708.062669 3137.203479 1967.888751 0.000000 -0.085710 0.010878 0.005777 -0.001943 0.001792
"DSC_0037.JPG" 4708.062669 4708.062669 3137.203479 1967.888751 0.000000 -0.085710 0.010878 0.005777 -0.001943 0.001792
"DSC_0038.JPG" 4708.062669 4708.062669 3137.203479 1967.888751 0.000000 -0.085710 0.010878 0.005777 -0.001943 0.001792
"DSC_0039.JPG" 4708.062669 4708.062669 3137.203479 1967.888751 0.000000 -0.085710 0.010878 0.005777 -0.001943 0.001792
"DSC_0040.JPG" 4708.062669 4708.062669 3137.203479 1967.888751 0.000000 -0.085710 0.010878 0.005777 -0.001943 0.001792
"DSC_0041.JPG" 4708.062669 4708.062669 3137.203479 1967.888751 0.000000 -0.085710 0.010878 0.005777 -0.001943 0.001792
"DSC_0042.JPG" 4708.062669 4708.062669 3137.203479 1967.888751 0.000000 -0.085710 0.010878 0.005777 -0.001943 0.001792
"DSC_0043.JPG" 4708.062669 4708.062669 3137.203479 1967.888751 0.000000 -0.085710 0.010878 0.005777 -0.001943 0.001792
"DSC_0044.JPG" 4708.062669 4708.062669 3137.203479 1967.888751 0.000000 -0.085710 0.010878 0.005777 -0.001943 0.001792
"DSC_0045.JPG" 4708.062669 4708.062669 3137.203479 1967.888751 0.000000 -0.085710 0.010878 0.005777 -0.001943 0.001792
"DSC_0046.JPG" 4708.062669 4708.062669 3137.203479 1967.888751 0.000000 -0.085710 0.010878 0.005777 -0.001943 0.001792
"DSC_0047.JPG" 4708.062669 4708.062669 3137.203479 1967.888751 0.000000 -0.085710 0.010878 0.005777 -0.001943 0.001792
"DSC_0048.JPG" 4708.062669 4708.062669 3137.203479 1967.888751 0.000000 -0.085710 0.010878 0.005777 -0.001943 0.001792
"DSC_0049.JPG" 4708.062669 4708.062669 3137.203479 1967.888751 0.000000 -0.085710 0.010878 0.005777 -0.001943 0.001792
"DSC_0050.JPG" 4708.062669 4708.062669 3137.203479 1967.888751 0.000000 -0.085710 0.010878 0.005777 -0.001943 0.001792
"DSC_0051.JPG" 4708.062669 4708.062669 3137.203479 1967.888751 0.000000 -0.085710 0.010878 0.005777 -0.001943 0.001792
"DSC_0052.JPG" 4708.062669 4708.062669 3137.203479 1967.888751 0.000000 -0.085710 0.010878 0.005777 -0.001943 0.001792
"DSC_0053.JPG" 4708.062669 4708.062669 3137.203479 1967.888751 0.000000 -0.085710 0.010878 0.005777 -0.001943 0.001792
"DSC_0054.JPG" 4708.062669 4708.062669 3137.203479 1967.888751 0.000000 -0.085710 0.010878 0.005777 -0.001943 0.001792
"DSC_0055.JPG" 4708.062669 4708.062669 3137.203479 1967.888751 0.000000 -0.085710 0.010878 0.005777 -0.001943 0.001792
"DSC_0056.JPG" 4708.062669 4708.062669 3137.203479 1967.888751 0.000000 -0.085710 0.010878 0.005777 -0.001943 0.001792
"DSC_0057.JPG" 4708.062669 4708.062669 3137.203479 1967.888751 0.000000 -0.085710 0.010878 0.005777 -0.001943 0.001792
"DSC_0058.JPG" 4708.062669 4708.062669 3137.203479 1967.888751 0.000000 -0.085710 0.010878 0.005777 -0.001943 0.001792
"DSC_0059.JPG" 4708.062669 4708.062669 3137.203479 1967.888751 0.000000 -0.085710 0.010878 0.005777 -0.001943 0.001792
"DSC_0060.JPG" 4708.062669 4708.062669 3137.203479 1967.888751 0.000000 -0.085710 0.010878 0.005777 -0.001943 0.001792
"DSC_0061.JPG" 4708.062669 4708.062669 3137.203479 1967.888751 0.000000 -0.085710 0.010878 0.005777 -0.001943 0.001792
"DSC_0062.JPG" 4708.062669 4708.062669 3137.203479 1967.888751 0.000000 -0.085710 0.010878 0.005777 -0.001943 0.001792
"DSC_0063.JPG" 4708.062669 4708.062669 3137.203479 1967.888751 0.000000 -0.085710 0.010878 0.005777 -0.001943 0.001792
"DSC_0064.JPG" 4708.062669 4708.062669 3137.203479 1967.888751 0.000000 -0.085710 0.010878 0.005777 -0.001943 0.001792
"DSC_0065.JPG" 4708.062669 4708.062669 3137.203479 1967.888751 0.000000 -0.085710 0.010878 0.005777 -0.001943 0.001792
"DSC_0066.JPG" 4708.062669 4708.062669 3137.203479 1967.888751 0.000000 -0.085710 0.010878 0.005777 -0.001943 0.001792
"DSC_0067.JPG" 4708.062669 4708.062669 3137.203479 1967.888751 0.000000 -0.085710 0.010878 0.005777 -0.001943 0.001792
"DSC_0068.JPG" 4708.062669 4708.062669 3137.203479 1967.888751 0.000000 -0.085710 0.010878 0.005777 -0.001943 0.001792
"DSC_0069.JPG" 4708.062669 4708.062669 3137.203479 1967.888751 0.000000 -0.085710 0.010878 0.005777 -0.001943 0.001792
"DSC_0070 (2).JPG" 4708.062669 4708.062669 3137.203479 1967.888751 0.000000 -0.085710 0.010878 0.005777 -0.001943 0.001792
"DSC_0070.JPG" 7194.745832 7194.745832 3167.369998 1898.242062 0.000000 -0.048079 0.016550 0.005100 -0.003877 0.002808
"DSC_0071 (2).JPG" 4708.062669 4708.062669 3137.203479 1967.888751 0.000000 -0.085710 0.010878 0.005777 -0.001943 0.001792
"DSC_0071.JPG" 7194.745832 7194.745832 3167.369998 1898.242062 0.000000 -0.048079 0.016550 0.005100 -0.003877 0.002808
"DSC_0072 (2).JPG" 4708.062669 4708.062669 3137.203479 1967.888751 0.000000 -0.085710 0.010878 0.005777 -0.001943 0.001792
"DSC_0072.JPG" 7194.745832 7194.745832 3167.369998 1898.242062 0.000000 -0.048079 0.016550 0.005100 -0.003877 0.002808
"DSC_0073 (2).JPG" 4708.062669 4708.062669 3137.203479 1967.888751 0.000000 -0.085710 0.010878 0.005777 -0.001943 0.001792
"DSC_0073.JPG" 7194.745832 7194.745832 3167.369998 1898.242062 0.000000 -0.048079 0.016550 0.005100 -0.003877 0.002808
"DSC_0074 (2).JPG" 4708.062669 4708.062669 3137.203479 1967.888751 0.000000 -0.085710 0.010878 0.005777 -0.001943 0.001792
"DSC_0074.JPG" 7194.745832 7194.745832 3167.369998 1898.242062 0.000000 -0.048079 0.016550 0.005100 -0.003877 0.002808
"DSC_0075 (2).JPG" 4708.062669 4708.062669 3137.203479 1967.888751 0.000000 -0.085710 0.010878 0.005777 -0.001943 0.001792
"DSC_0075.JPG" 7194.745832 7194.745832 3167.369998 1898.242062 0.000000 -0.048079 0.016550 0.005100 -0.003877 0.002808
"DSC_0076 (2).JPG" 4708.062669 4708.062669 3137.203479 1967.888751 0.000000 -0.085710 0.010878 0.005777 -0.001943 0.001792
"DSC_0076.JPG" 7194.745832 7194.745832 3167.369998 1898.242062 0.000000 -0.048079 0.016550 0.005100 -0.003877 0.002808
"DSC_0077 (2).JPG" 4708.062669 4708.062669 3137.203479 1967.888751 0.000000 -0.085710 0.010878 0.005777 -0.001943 0.001792
"DSC_0077.JPG" 7194.745832 7194.745832 3167.369998 1898.242062 0.000000 -0.048079 0.016550 0.005100 -0.003877 0.002808
"DSC_0078 (2).JPG" 4708.062669 4708.062669 3137.203479 1967.888751 0.000000 -0.085710 0.010878 0.005777 -0.001943 0.001792
"DSC_0078.JPG" 7194.745832 7194.745832 3167.369998 1898.242062 0.000000 -0.048079 0.016550 0.005100 -0.003877 0.002808
"DSC_0079 (2).JPG" 4708.062669 4708.062669 3137.203479 1967.888751 0.000000 -0.085710 0.010878 0.005777 -0.001943 0.001792
"DSC_0079.JPG" 7194.745832 7194.745832 3167.369998 1898.242062 0.000000 -0.048079 0.016550 0.005100 -0.003877 0.002808
"DSC_0080 (2).JPG" 4708.062669 4708.062669 3137.203479 1967.888751 0.000000 -0.085710 0.010878 0.005777 -0.001943 0.001792
"DSC_0080.JPG" 7194.745832 7194.745832 3167.369998 1898.242062 0.000000 -0.048079 0.016550 0.005100 -0.003877 0.002808
"DSC_0081 (2).JPG" 4708.062669 4708.062669 3137.203479 1967.888751 0.000000 -0.085710 0.010878 0.005777 -0.001943 0.001792
"DSC_0081.JPG" 7194.745832 7194.745832 3167.369998 1898.242062 0.000000 -0.048079 0.016550 0.005100 -0.003877 0.002808
"DSC_0082 (2).JPG" 4708.062669 4708.062669 3137.203479 1967.888751 0.000000 -0.085710 0.010878 0.005777 -0.001943 0.001792
"DSC_0082.JPG" 7194.745832 7194.745832 3167.369998 1898.242062 0.000000 -0.048079 0.016550 0.005100 -0.003877 0.002808
"DSC_0083 (2).JPG" 4708.062669 4708.062669 3137.203479 1967.888751 0.000000 -0.085710 0.010878 0.005777 -0.001943 0.001792
"DSC_0083.JPG" 7194.745832 7194.745832 3167.369998 1898.242062 0.000000 -0.048079 0.016550 0.005100 -0.003877 0.002808
"DSC_0084 (2).JPG" 4708.062669 4708.062669 3137.203479 1967.888751 0.000000 -0.085710 0.010878 0.005777 -0.001943 0.001792
"DSC_0084.JPG" 7194.745832 7194.745832 3167.369998 1898.242062 0.000000 -0.048079 0.016550 0.005100 -0.003877 0.002808
"DSC_0085 (2).JPG" 4708.062669 4708.062669 3137.203479 1967.888751 0.000000 -0.085710 0.010878 0.005777 -0.001943 0.001792
"DSC_0085.JPG" 7194.745832 7194.745832 3167.369998 1898.242062 0.000000 -0.048079 0.016550 0.005100 -0.003877 0.002808
"DSC_0086 (2).JPG" 4708.062669 4708.062669 3137.203479 1967.888751 0.000000 -0.085710 0.010878 0.005777 -0.001943 0.001792
"DSC_0086.JPG" 7194.745832 7194.745832 3167.369998 1898.242062 0.000000 -0.048079 0.016550 0.005100 -0.003877 0.002808
"DSC_0087 (2).JPG" 4708.062669 4708.062669 3137.203479 1967.888751 0.000000 -0.085710 0.010878 0.005777 -0.001943 0.001792
"DSC_0087.JPG" 7194.745832 7194.745832 3167.369998 1898.242062 0.000000 -0.048079 0.016550 0.005100 -0.003877 0.002808
"DSC_0088 (2).JPG" 4708.062669 4708.062669 3137.203479 1967.888751 0.000000 -0.085710 0.010878 0.005777 -0.001943 0.001792
"DSC_0088.JPG" 7194.745832 7194.745832 3167.369998 1898.242062 0.000000 -0.048079 0.016550 0.005100 -0.003877 0.002808
"DSC_0089 (2).JPG" 4708.062669 4708.062669 3137.203479 1967.888751 0.000000 -0.085710 0.010878 0.005777 -0.001943 0.001792
"DSC_0089.JPG" 7194.745832 7194.745832 3167.369998 1898.242062 0.000000 -0.048079 0.016550 0.005100 -0.003877 0.002808
"DSC_0090 (2).JPG" 4708.062669 4708.062669 3137.203479 1967.888751 0.000000 -0.085710 0.010878 0.005777 -0.001943 0.001792
"DSC_0090.JPG" 7194.745832 7194.745832 3167.369998 1898.242062 0.000000 -0.048079 0.016550 0.005100 -0.003877 0.002808
"DSC_0091 (2).JPG" 4708.062669 4708.062669 3137.203479 1967.888751 0.000000 -0.085710 0.010878 0.005777 -0.001943 0.001792
"DSC_0091.JPG" 7194.745832 7194.745832 3167.369998 1898.242062 0.000000 -0.048079 0.016550 0.005100 -0.003877 0.002808
"DSC_0092 (2).JPG" 4708.062669 4708.062669 3137.203479 1967.888751 0.000000 -0.085710 0.010878 0.005777 -0.001943 0.001792
"DSC_0092.JPG" 7194.745832 7194.745832 3167.369998 1898.242062 0.000000 -0.048079 0.016550 0.005100 -0.003877 0.002808
"DSC_0093 (2).JPG" 4708.062669 4708.062669 3137.203479 1967.888751 0.000000 -0.085710 0.010878 0.005777 -0.001943 0.001792
"DSC_0093.JPG" 7194.745832 7194.745832 3167.369998 1898.242062 0.000000 -0.048079 0.016550 0.005100 -0.003877 0.002808
"DSC_0094 (2).JPG" 4708.062669 4708.062669 3137.203479 1967.888751 0.000000 -0.085710 0.010878 0.005777 -0.001943 0.001792
"DSC_0094.JPG" 7194.745832 7194.745832 3167.369998 1898.242062 0.000000 -0.048079 0.016550 0.005100 -0.003877 0.002808
"DSC_0095 (2).JPG" 4708.062669 4708.062669 3137.203479 1967.888751 0.000000 -0.085710 0.010878 0.005777 -0.001943 0.001792
"DSC_0095.JPG" 7194.745832 7194.745832 3167.369998 1898.242062 0.000000 -0.048079 0.016550 0.005100 -0.003877 0.002808
"DSC_0096 (2).JPG" 4708.062669 4708.062669 3137.203479 1967.888751 0.000000 -0.085710 0.010878 0.005777 -0.001943 0.001792
"DSC_0096.JPG" 7194.745832 7194.745832 3167.369998 1898.242062 0.000000 -0.048079 0.016550 0.005100 -0.003877 0.002808
"DSC_0097 (2).JPG" 4708.062669 4708.062669 3137.203479 1967.888751 0.000000 -0.085710 0.010878 0.005777 -0.001943 0.001792
"DSC_0097.JPG" 7194.745832 7194.745832 3167.369998 1898.242062 0.000000 -0.048079 0.016550 0.005100 -0.003877 0.002808
"DSC_0098 (2).JPG" 4708.062669 4708.062669 3137.203479 1967.888751 0.000000 -0.085710 0.010878 0.005777 -0.001943 0.001792
"DSC_0098.JPG" 7194.745832 7194.745832 3167.369998 1898.242062 0.000000 -0.048079 0.016550 0.005100 -0.003877 0.002808
"DSC_0099 (2).JPG" 4708.062669 4708.062669 3137.203479 1967.888751 0.000000 -0.085710 0.010878 0.005777 -0.001943 0.001792
"DSC_0099.JPG" 7194.745832 7194.745832 3167.369998 1898.242062 0.000000 -0.048079 0.016550 0.005100 -0.003877 0.002808
"DSC_0100 (2).JPG" 4708.062669 4708.062669 3137.203479 1967.888751 0.000000 -0.085710 0.010878 0.005777 -0.001943 0.001792
"DSC_0100.JPG" 7194.745832 7194.745832 3167.369998 1898.242062 0.000000 -0.048079 0.016550 0.005100 -0.003877 0.002808
"DSC_0101 (2).JPG" 4708.062669 4708.062669 3137.203479 1967.888751 0.000000 -0.085710 0.010878 0.005777 -0.001943 0.001792
"DSC_0101.JPG" 7194.745832 7194.745832 3167.369998 1898.242062 0.000000 -0.048079 0.016550 0.005100 -0.003877 0.002808
"DSC_0102 (2).JPG" 4708.062669 4708.062669 3137.203479 1967.888751 0.000000 -0.085710 0.010878 0.005777 -0.001943 0.001792
"DSC_0102.JPG" 7194.745832 7194.745832 3167.369998 1898.242062 0.000000 -0.048079 0.016550 0.005100 -0.003877 0.002808
"DSC_0103 (2).JPG" 4708.062669 4708.062669 3137.203479 1967.888751 0.000000 -0.085710 0.010878 0.005777 -0.001943 0.001792
"DSC_0103.JPG" 7194.745832 7194.745832 3167.369998 1898.242062 0.000000 -0.048079 0.016550 0.005100 -0.003877 0.002808
"DSC_0104 (2).JPG" 4708.062669 4708.062669 3137.203479 1967.888751 0.000000 -0.085710 0.010878 0.005777 -0.001943 0.001792
"DSC_0104.JPG" 7194.745832 7194.745832 3167.369998 1898.242062 0.000000 -0.048079 0.016550 0.005100 -0.003877 0.002808
"DSC_0105 (2).JPG" 4708.062669 4708.062669 3137.203479 1967.888751 0.000000 -0.085710 0.010878 0.005777 -0.001943 0.001792
"DSC_0105.JPG" 7194.745832 7194.745832 3167.369998 1898.242062 0.000000 -0.048079 0.016550 0.005100 -0.003877 0.002808
"DSC_0106 (2).JPG" 4708.062669 4708.062669 3137.203479 1967.888751 0.000000 -0.085710 0.010878 0.005777 -0.001943 0.001792
"DSC_0106.JPG" 7194.745832 7194.745832 3167.369998 1898.242062 0.000000 -0.048079 0.016550 0.005100 -0.003877 0.002808
"DSC_0107 (2).JPG" 4708.062669 4708.062669 3137.203479 1967.888751 0.000000 -0.085710 0.010878 0.005777 -0.001943 0.001792
"DSC_0107.JPG" 7194.745832 7194.745832 3167.369998 1898.242062 0.000000 -0.048079 0.016550 0.005100 -0.003877 0.002808
"DSC_0108 (2).JPG" 4708.062669 4708.062669 3137.203479 1967.888751 0.000000 -0.085710 0.010878 0.005777 -0.001943 0.001792
"DSC_0108.JPG" 7194.745832 7194.745832 3167.369998 1898.242062 0.000000 -0.048079 0.016550 0.005100 -0.003877 0.002808
"DSC_0109 (2).JPG" 4708.062669 4708.062669 3137.203479 1967.888751 0.000000 -0.085710 0.010878 0.005777 -0.001943 0.001792
"DSC_0109.JPG" 7194.745832 7194.745832 3167.369998 1898.242062 0.000000 -0.048079 0.016550 0.005100 -0.003877 0.002808
"DSC_0110 (2).JPG" 4708.062669 4708.062669 3137.203479 1967.888751 0.000000 -0.085710 0.010878 0.005777 -0.001943 0.001792
"DSC_0110.JPG" 7194.745832 7194.745832 3167.369998 1898.242062 0.000000 -0.048079 0.016550 0.005100 -0.003877 0.002808
"DSC_0111 (2).JPG" 4708.062669 4708.062669 3137.203479 1967.888751 0.000000 -0.085710 0.010878 0.005777 -0.001943 0.001792
"DSC_0111.JPG" 7194.745832 7194.745832 3167.369998 1898.242062 0.000000 -0.048079 0.016550 0.005100 -0.003877 0.002808
"DSC_0112 (2).JPG" 4708.062669 4708.062669 3137.203479 1967.888751 0.000000 -0.085710 0.010878 0.005777 -0.001943 0.001792
"DSC_0112.JPG" 7194.745832 7194.745832 3167.369998 1898.242062 0.000000 -0.048079 0.016550 0.005100 -0.003877 0.002808
"DSC_0113 (2).JPG" 4708.062669 4708.062669 3137.203479 1967.888751 0.000000 -0.085710 0.010878 0.005777 -0.001943 0.001792
"DSC_0113.JPG" 7194.745832 7194.745832 3167.369998 1898.242062 0.000000 -0.048079 0.016550 0.005100 -0.003877 0.002808
"DSC_0114 (2).JPG" 4708.062669 4708.062669 3137.203479 1967.888751 0.000000 -0.085710 0.010878 0.005777 -0.001943 0.001792
"DSC_0114.JPG" 7194.745832 7194.745832 3167.369998 1898.242062 0.000000 -0.048079 0.016550 0.005100 -0.003877 0.002808
"DSC_0115 (2).JPG" 4708.062669 4708.062669 3137.203479 1967.888751 0.000000 -0.085710 0.010878 0.005777 -0.001943 0.001792
"DSC_0115.JPG" 7194.745832 7194.745832 3167.369998 1898.242062 0.000000 -0.048079 0.016550 0.005100 -0.003877 0.002808
"DSC_0116 (2).JPG" 4708.062669 4708.062669 3137.203479 1967.888751 0.000000 -0.085710 0.010878 0.005777 -0.001943 0.001792
"DSC_0116.JPG" 7194.745832 7194.745832 3167.369998 1898.242062 0.000000 -0.048079 0.016550 0.005100 -0.003877 0.002808
"DSC_0117 (2).JPG" 4708.062669 4708.062669 3137.203479 1967.888751 0.000000 -0.085710 0.010878 0.005777 -0.001943 0.001792
"DSC_0117.JPG" 7194.745832 7194.745832 3167.369998 1898.242062 0.000000 -0.048079 0.016550 0.005100 -0.003877 0.002808
"DSC_0118 (2).JPG" 4708.062669 4708.062669 3137.203479 1967.888751 0.000000 -0.085710 0.010878 0.005777 -0.001943 0.001792
"DSC_0118.JPG" 7194.745832 7194.745832 3167.369998 1898.242062 0.000000 -0.048079 0.016550 0.005100 -0.003877 0.002808
"DSC_0119 (2).JPG" 4708.062669 4708.062669 3137.203479 1967.888751 0.000000 -0.085710 0.010878 0.005777 -0.001943 0.001792
"DSC_0119.JPG" 7194.745832 7194.745832 3167.369998 1898.242062 0.000000 -0.048079 0.016550 0.005100 -0.003877 0.002808
"DSC_0120 (2).JPG" 4708.062669 4708.062669 3137.203479 1967.888751 0.000000 -0.085710 0.010878 0.005777 -0.001943 0.001792
"DSC_0120.JPG" 7194.745832 7194.745832 3167.369998 1898.242062 0.000000 -0.048079 0.016550 0.005100 -0.003877 0.002808
"DSC_0121 (2).JPG" 4708.062669 4708.062669 3137.203479 1967.888751 0.000000 -0.085710 0.010878 0.005777 -0.001943 0.001792
"DSC_0121.JPG" 7194.745832 7194.745832 3167.369998 1898.242062 0.000000 -0.048079 0.016550 0.005100 -0.003877 0.002808
"DSC_0122 (2).JPG" 4708.062669 4708.062669 3137.203479 1967.888751 0.000000 -0.085710 0.010878 0.005777 -0.001943 0.001792
"DSC_0122.JPG" 7194.745832 7194.745832 3167.369998 1898.242062 0.000000 -0.048079 0.016550 0.005100 -0.003877 0.002808
"DSC_0123 (2).JPG" 4708.062669 4708.062669 3137.203479 1967.888751 0.000000 -0.085710 0.010878 0.005777 -0.001943 0.001792
"DSC_0123.JPG" 7194.745832 7194.745832 3167.369998 1898.242062 0.000000 -0.048079 0.016550 0.005100 -0.003877 0.002808
"DSC_0124 (2).JPG" 4708.062669 4708.062669 3137.203479 1967.888751 0.000000 -0.085710 0.010878 0.005777 -0.001943 0.001792
"DSC_0124.JPG" 7194.745832 7194.745832 3167.369998 1898.242062 0.000000 -0.048079 0.016550 0.005100 -0.003877 0.002808
"DSC_0125 (2).JPG" 4708.062669 4708.062669 3137.203479 1967.888751 0.000000 -0.085710 0.010878 0.005777 -0.001943 0.001792
"DSC_0125.JPG" 7194.745832 7194.745832 3167.369998 1898.242062 0.000000 -0.048079 0.016550 0.005100 -0.003877 0.002808
"DSC_0126 (2).JPG" 4708.062669 4708.062669 3137.203479 1967.888751 0.000000 -0.085710 0.010878 0.005777 -0.001943 0.001792
"DSC_0126.JPG" 7194.745832 7194.745832 3167.369998 1898.242062 0.000000 -0.048079 0.016550 0.005100 -0.003877 0.002808
"DSC_0127 (2).JPG" 4708.062669 4708.062669 3137.203479 1967.888751 0.000000 -0.085710 0.010878 0.005777 -0.001943 0.001792
"DSC_0127.JPG" 7194.745832 7194.745832 3167.369998 1898.242062 0.000000 -0.048079 0.016550 0.005100 -0.003877 0.002808
"DSC_0128 (2).JPG" 4708.062669 4708.062669 3137.203479 1967.888751 0.000000 -0.085710 0.010878 0.005777 -0.001943 0.001792
"DSC_0128.JPG" 7194.745832 7194.745832 3167.369998 1898.242062 0.000000 -0.048079 0.016550 0.005100 -0.003877 0.002808
"DSC_0129 (2).JPG" 4708.062669 4708.062669 3137.203479 1967.888751 0.000000 -0.085710 0.010878 0.005777 -0.001943 0.001792
"DSC_0129.JPG" 7194.745832 7194.745832 3167.369998 1898.242062 0.000000 -0.048079 0.016550 0.005100 -0.003877 0.002808
"DSC_0130 (2).JPG" 4708.062669 4708.062669 3137.203479 1967.888751 0.000000 -0.085710 0.010878 0.005777 -0.001943 0.001792
"DSC_0130.JPG" 7194.745832 7194.745832 3167.369998 1898.242062 0.000000 -0.048079 0.016550 0.005100 -0.003877 0.002808
"DSC_0131 (2).JPG" 6031.165288 6031.165288 3111.528105 1893.420101 0.000000 -0.054490 -0.037211 0.095673 -0.003059 0.000999
"DSC_0131.JPG" 7194.745832 7194.745832 3167.369998 1898.242062 0.000000 -0.048079 0.016550 0.005100 -0.003877 0.002808
"DSC_0132 (2).JPG" 6031.165288 6031.165288 3111.528105 1893.420101 0.000000 -0.054490 -0.037211 0.095673 -0.003059 0.000999
"DSC_0132.JPG" 7194.745832 7194.745832 3167.369998 1898.242062 0.000000 -0.048079 0.016550 0.005100 -0.003877 0.002808
"DSC_0133 (2).JPG" 6031.165288 6031.165288 3111.528105 1893.420101 0.000000 -0.054490 -0.037211 0.095673 -0.003059 0.000999
"DSC_0133.JPG" 7194.745832 7194.745832 3167.369998 1898.242062 0.000000 -0.048079 0.016550 0.005100 -0.003877 0.002808
"DSC_0134 (2).JPG" 6031.165288 6031.165288 3111.528105 1893.420101 0.000000 -0.054490 -0.037211 0.095673 -0.003059 0.000999
"DSC_0134.JPG" 7194.745832 7194.745832 3167.369998 1898.242062 0.000000 -0.048079 0.016550 0.005100 -0.003877 0.002808
"DSC_0135 (2).JPG" 6031.165288 6031.165288 3111.528105 1893.420101 0.000000 -0.054490 -0.037211 0.095673 -0.003059 0.000999
"DSC_0135.JPG" 7194.745832 7194.745832 3167.369998 1898.242062 0.000000 -0.048079 0.016550 0.005100 -0.003877 0.002808
"DSC_0136 (2).JPG" 7194.745832 7194.745832 3167.369998 1898.242062 0.000000 -0.048079 0.016550 0.005100 -0.003877 0.002808
"DSC_0136.JPG" 7194.745832 7194.745832 3167.369998 1898.242062 0.000000 -0.048079 0.016550 0.005100 -0.003877 0.002808
"DSC_0137 (2).JPG" 7194.745832 7194.745832 3167.369998 1898.242062 0.000000 -0.048079 0.016550 0.005100 -0.003877 0.002808
"DSC_0137.JPG" 7194.745832 7194.745832 3167.369998 1898.242062 0.000000 -0.048079 0.016550 0.005100 -0.003877 0.002808
"DSC_0138 (2).JPG" 7194.745832 7194.745832 3167.369998 1898.242062 0.000000 -0.048079 0.016550 0.005100 -0.003877 0.002808
"DSC_0138.JPG" 7194.745832 7194.745832 3167.369998 1898.242062 0.000000 -0.048079 0.016550 0.005100 -0.003877 0.002808
"DSC_0139 (2).JPG" 7194.745832 7194.745832 3167.369998 1898.242062 0.000000 -0.048079 0.016550 0.005100 -0.003877 0.002808
"DSC_0139.JPG" 7194.745832 7194.745832 3167.369998 1898.242062 0.000000 -0.048079 0.016550 0.005100 -0.003877 0.002808
"DSC_0140 (2).JPG" 7194.745832 7194.745832 3167.369998 1898.242062 0.000000 -0.048079 0.016550 0.005100 -0.003877 0.002808
"DSC_0140.JPG" 7194.745832 7194.745832 3167.369998 1898.242062 0.000000 -0.048079 0.016550 0.005100 -0.003877 0.002808
"DSC_0141 (2).JPG" 5585.016111 5585.016111 3077.369435 1998.301066 0.000000 -0.063332 -0.069748 0.136381 -0.002897 0.002992
"DSC_0141.JPG" 7194.745832 7194.745832 3167.369998 1898.242062 0.000000 -0.048079 0.016550 0.005100 -0.003877 0.002808
"DSC_0142 (2).JPG" 5585.016111 5585.016111 3077.369435 1998.301066 0.000000 -0.063332 -0.069748 0.136381 -0.002897 0.002992
"DSC_0142.JPG" 7194.745832 7194.745832 3167.369998 1898.242062 0.000000 -0.048079 0.016550 0.005100 -0.003877 0.002808
"DSC_0143 (2).JPG" 5585.016111 5585.016111 3077.369435 1998.301066 0.000000 -0.063332 -0.069748 0.136381 -0.002897 0.002992
"DSC_0143.JPG" 7194.745832 7194.745832 3167.369998 1898.242062 0.000000 -0.048079 0.016550 0.005100 -0.003877 0.002808
"DSC_0144 (2).JPG" 5585.016111 5585.016111 3077.369435 1998.301066 0.000000 -0.063332 -0.069748 0.136381 -0.002897 0.002992
"DSC_0144.JPG" 7194.745832 7194.745832 3167.369998 1898.242062 0.000000 -0.048079 0.016550 0.005100 -0.003877 0.002808
"DSC_0145 (2).JPG" 5585.016111 5585.016111 3077.369435 1998.301066 0.000000 -0.063332 -0.069748 0.136381 -0.002897 0.002992
"DSC_0145.JPG" 7194.745832 7194.745832 3167.369998 1898.242062 0.000000 -0.048079 0.016550 0.005100 -0.003877 0.002808
"DSC_0146 (2).JPG" 5585.016111 5585.016111 3077.369435 1998.301066 0.000000 -0.063332 -0.069748 0.136381 -0.002897 0.002992
"DSC_0146.JPG" 7194.745832 7194.745832 3167.369998 1898.242062 0.000000 -0.048079 0.016550 0.005100 -0.003877 0.002808
"DSC_0147 (2).JPG" 5585.016111 5585.016111 3077.369435 1998.301066 0.000000 -0.063332 -0.069748 0.136381 -0.002897 0.002992
"DSC_0147.JPG" 7194.745832 7194.745832 3167.369998 1898.242062 0.000000 -0.048079 0.016550 0.005100 -0.003877 0.002808
"DSC_0148 (2).JPG" 6512.348508 6512.348508 3102.179758 1887.966475 0.000000 -0.069118 0.030468 0.077406 -0.004554 0.000876
"DSC_0148.JPG" 7194.745832 7194.745832 3167.369998 1898.242062 0.000000 -0.048079 0.016550 0.005100 -0.003877 0.002808
"DSC_0149 (2).JPG" 4708.062669 4708.062669 3137.203479 1967.888751 0.000000 -0.085710 0.010878 0.005777 -0.001943 0.001792
"DSC_0149.JPG" 7194.745832 7194.745832 3167.369998 1898.242062 0.000000 -0.048079 0.016550 0.005100 -0.003877 0.002808
"DSC_0150 (2).JPG" 4708.062669 4708.062669 3137.203479 1967.888751 0.000000 -0.085710 0.010878 0.005777 -0.001943 0.001792
"DSC_0150.JPG" 7194.745832 7194.745832 3167.369998 1898.242062 0.000000 -0.048079 0.016550 0.005100 -0.003877 0.002808
"DSC_0151 (2).JPG" 4708.062669 4708.062669 3137.203479 1967.888751 0.000000 -0.085710 0.010878 0.005777 -0.001943 0.001792
"DSC_0151.JPG" 7194.745832 7194.745832 3167.369998 1898.242062 0.000000 -0.048079 0.016550 0.005100 -0.003877 0.002808
"DSC_0152 (2).JPG" 4708.062669 4708.062669 3137.203479 1967.888751 0.000000 -0.085710 0.010878 0.005777 -0.001943 0.001792
"DSC_0152.JPG" 7194.745832 7194.745832 3167.369998 1898.242062 0.000000 -0.048079 0.016550 0.005100 -0.003877 0.002808
"DSC_0153 (2).JPG" 4708.062669 4708.062669 3137.203479 1967.888751 0.000000 -0.085710 0.010878 0.005777 -0.001943 0.001792
"DSC_0153.JPG" 7194.745832 7194.745832 3167.369998 1898.242062 0.000000 -0.048079 0.016550 0.005100 -0.003877 0.002808
"DSC_0154 (2).JPG" 4708.062669 4708.062669 3137.203479 1967.888751 0.000000 -0.085710 0.010878 0.005777 -0.001943 0.001792
"DSC_0154.JPG" 7194.745832 7194.745832 3167.369998 1898.242062 0.000000 -0.048079 0.016550 0.005100 -0.003877 0.002808
"DSC_0155.JPG" 7194.745832 7194.745832 3167.369998 1898.242062 0.000000 -0.048079 0.016550 0.005100 -0.003877 0.002808
"DSC_0156.JPG" 7194.745832 7194.745832 3167.369998 1898.242062 0.000000 -0.048079 0.016550 0.005100 -0.003877 0.002808
"DSC_0157.JPG" 7194.745832 7194.745832 3167.369998 1898.242062 0.000000 -0.048079 0.016550 0.005100 -0.003877 0.002808
"DSC_0158.JPG" 7194.745832 7194.745832 3167.369998 1898.242062 0.000000 -0.048079 0.016550 0.005100 -0.003877 0.002808
"DSC_0159.JPG" 7194.745832 7194.745832 3167.369998 1898.242062 0.000000 -0.048079 0.016550 0.005100 -0.003877 0.002808
"DSC_0160 (2).JPG" 6031.165288 6031.165288 3111.528105 1893.420101 0.000000 -0.054490 -0.037211 0.095673 -0.003059 0.000999
"DSC_0160.JPG" 7194.745832 7194.745832 3167.369998 1898.242062 0.000000 -0.048079 0.016550 0.005100 -0.003877 0.002808
"DSC_0161.JPG" 7194.745832 7194.745832 3167.369998 1898.242062 0.000000 -0.048079 0.016550 0.005100 -0.003877 0.002808
"DSC_0162.JPG" 7194.745832 7194.745832 3167.369998 1898.242062 0.000000 -0.048079 0.016550 0.005100 -0.003877 0.002808
"DSC_0163.JPG" 7194.745832 7194.745832 3167.369998 1898.242062 0.000000 -0.048079 0.016550 0.005100 -0.003877 0.002808
"DSC_0164.JPG" 7194.745832 7194.745832 3167.369998 1898.242062 0.000000 -0.048079 0.016550 0.005100 -0.003877 0.002808
"DSC_0165.JPG" 7194.745832 7194.745832 3167.369998 1898.242062 0.000000 -0.048079 0.016550 0.005100 -0.003877 0.002808
"DSC_0166.JPG" 7194.745832 7194.745832 3167.369998 1898.242062 0.000000 -0.048079 0.016550 0.005100 -0.003877 0.002808
"DSC_0167.JPG" 7194.745832 7194.745832 3167.369998 1898.242062 0.000000 -0.048079 0.016550 0.005100 -0.003877 0.002808
"DSC_0168.JPG" 7194.745832 7194.745832 3167.369998 1898.242062 0.000000 -0.048079 0.016550 0.005100 -0.003877 0.002808
"DSC_0169.JPG" 7194.745832 7194.745832 3167.369998 1898.242062 0.000000 -0.048079 0.016550 0.005100 -0.003877 0.002808
"DSC_0170.JPG" 7194.745832 7194.745832 3167.369998 1898.242062 0.000000 -0.048079 0.016550 0.005100 -0.003877 0.002808
"DSC_0171.JPG" 7194.745832 7194.745832 3167.369998 1898.242062 0.000000 -0.048079 0.016550 0.005100 -0.003877 0.002808
"DSC_0172.JPG" 7194.745832 7194.745832 3167.369998 1898.242062 0.000000 -0.048079 0.016550 0.005100 -0.003877 0.002808
"DSC_0173.JPG" 7194.745832 7194.745832 3167.369998 1898.242062 0.000000 -0.048079 0.016550 0.005100 -0.003877 0.002808
"DSC_0174.JPG" 7194.745832 7194.745832 3167.369998 1898.242062 0.000000 -0.048079 0.016550 0.005100 -0.003877 0.002808
"DSC_0175.JPG" 7194.745832 7194.745832 3167.369998 1898.242062 0.000000 -0.048079 0.016550 0.005100 -0.003877 0.002808
"DSC_0176.JPG" 7194.745832 7194.745832 3167.369998 1898.242062 0.000000 -0.048079 0.016550 0.005100 -0.003877 0.002808
"DSC_0177.JPG" 7194.745832 7194.745832 3167.369998 1898.242062 0.000000 -0.048079 0.016550 0.005100 -0.003877 0.002808
"DSC_0178.JPG" 7194.745832 7194.745832 3167.369998 1898.242062 0.000000 -0.048079 0.016550 0.005100 -0.003877 0.002808
"DSC_0179.JPG" 7194.745832 7194.745832 3167.369998 1898.242062 0.000000 -0.048079 0.016550 0.005100 -0.003877 0.002808
"DSC_0180.JPG" 7194.745832 7194.745832 3167.369998 1898.242062 0.000000 -0.048079 0.016550 0.005100 -0.003877 0.002808
"DSC_0181.JPG" 7194.745832 7194.745832 3167.369998 1898.242062 0.000000 -0.048079 0.016550 0.005100 -0.003877 0.002808
"DSC_0182.JPG" 7194.745832 7194.745832 3167.369998 1898.242062 0.000000 -0.048079 0.016550 0.005100 -0.003877 0.002808
"DSC_0183.JPG" 7194.745832 7194.745832 3167.369998 1898.242062 0.000000 -0.048079 0.016550 0.005100 -0.003877 0.002808
