Visibility for camera DSC_0159.JPG
1564
80 908.983 2081.02
84 912.754 2139.93
554 1145.62 2155.91
557 1153.58 2249.55
562 1267.05 2059.44
573 1354.98 2172.07
962 1584.69 2370.93
4625 4453.54 1996.68
4813 4573.27 2009.96
5350 4556.42 2246.12
5506 4809.81 2273.26
5586 4896.32 2287.35
5811 5027.44 2227.16
5829 5024.72 2050.52
5833 5047.41 2090.25
5835 5073.7 2141.75
5904 4435 1709.93
5909 4442.25 1806.62
5910 4442.25 1806.62
5912 4441.55 1837.22
5920 4457.86 1709.83
5935 4485.59 1827.56
5959 4556.42 2246.12
6019 4718.09 1764.83
6021 4719.71 1856.2
6108 4895.32 1951.96
6159 5025.85 2104.63
6161 5025.46 1995.75
6165 5083.55 1976.37
6167 5090.61 2151.18
6178 5209.91 2053.99
6182 5222.69 2119.04
7041 3914.13 2958
7082 3967.93 2961.87
7159 4248.06 3075.82
7274 3032.21 2614.89
7316 3282.17 3076.63
7336 3272.09 2937.78
7774 3001.75 3073.47
8066 2170.22 2632.68
8716 3695.3 2741.16
9116 1928.49 2627.49
9199 2012.15 2738.1
9329 2170.22 2632.68
9460 2364.28 2829.72
9465 2352.16 2958.52
9607 2833.68 2658.4
9802 1065.65 2767.41
9831 1081.99 3064.7
9873 1128.66 2850.03
9921 1166.21 2850.68
9990 1195.62 3073.08
10283 1422.1 3171.46
10669 2091.74 2958.86
10884 947.542 2830.64
11150 1335.72 2902.92
11388 423.412 3104.02
11392 569.884 2766.23
11968 1660.33 2459.15
12839 2287.1 2456.3
14729 3794.63 2524.54
14776 3169.75 2534.92
18169 1155.19 1995.51
18538 1480.17 1966
18791 1784.23 1947.77
23416 1668.57 1645.3
23420 1734.75 1552.24
23423 1745.18 1594.69
23424 1749.27 1561.99
23466 1921.53 1512.83
23530 3114.76 1415.22
23535 3140.46 1402.82
23710 4565.12 1598.48
23716 4736.88 1117.67
23748 5021.32 1601.97
23751 2342.17 2657.07
23765 5372.7 1145.55
23782 5634.61 1066.11
23824 1373.59 3252.12
23838 1973.93 3048.85
23896 3721.04 3083.01
23946 1689.69 1393.9
23947 1720.77 1542.53
23963 1760.62 1547.64
23976 1865.34 1494.01
24065 414.947 2622.71
24066 414.947 2622.71
24082 438.412 2806.77
24094 911.275 2961.24
24096 507.95 3192.21
24121 867.178 3100.28
24155 888.002 3169.56
24165 2026.95 2657.71
24166 1426.89 2999.26
24170 1873.98 2789.08
24179 2710.71 2404.59
24182 1092.93 3236.75
24187 1113.37 3219.32
24192 1387.97 3081.53
24193 2618.17 2483.81
24203 1708.1 3004.47
24215 1300.52 3198.39
24223 4377.27 1440.16
24230 4429.98 1453.47
24238 2732.69 2595.95
24245 4540.11 1476.89
24246 4540.11 1476.89
24257 2064.85 2970.67
24259 4729 930.536
24277 1700.8 3172.4
24282 5070.36 940.986
24283 2070.47 3129.33
24296 5293.76 831.766
24305 5348.08 825.702
24323 5586.92 992.805
24329 5696.99 1241
24333 5747.75 927.685
24344 5084.46 2024.36
24348 2738.09 3074.7
24351 3822.73 2639.57
24397 3213.6 3063.51
24407 5211.28 1791.91
24427 4241.44 2860.6
24454 4983.27 2834.8
24518 1096.92 1697.92
24636 1727.65 1608.33
24637 1749.95 1306.98
24639 1748.09 1394.99
24647 1808 1316.13
24652 1898.92 1229.32
24653 1885.71 1514.57
24707 2526.35 1888.2
24710 494.001 3220.61
24724 1264.06 2662.8
24728 1146.51 2760.17
24739 1068.48 2853.33
24742 2696.96 2305.01
24748 808.29 3102.47
24764 787.108 3235.45
24788 1195.62 3073.08
24800 1112.02 3236.54
24806 2157.28 2546.52
24807 1572.13 3005.05
24808 1905.4 2789.06
24817 1968.31 2791.72
24838 2129.01 2792.63
24843 2467.51 2596.43
24848 2053.26 2899.52
24868 2127.19 2968.68
24870 1984.03 3081.85
24881 2266.18 3013.5
24891 1987.89 3174.41
24898 2023.25 3176.88
24899 2413.55 3009.24
24910 4483.83 1637.12
24912 4539.67 1552.67
24916 4583.54 1297.02
24919 1404.17 3371.78
24925 4676.15 1212.07
24927 2477.71 3079.33
24928 4697 1473.35
24930 2287.21 3167.44
24941 2556.85 3072.54
24943 4817.56 1635.62
24945 4825.88 1647.06
24966 3539.08 2621.3
24967 2608.73 3174.97
24970 3901.7 2496.9
24973 5229.13 1406.74
24975 5242.44 1057.12
24979 2731.98 3218.75
24994 5593.49 1098.86
24997 3436.94 2965.86
25004 3856.88 2753.1
25010 3498.03 3006.42
25013 3327.94 3055.77
25015 5876.6 941.062
25022 3885.19 2828.37
25034 3804.68 2962.01
25038 4430.87 2679.64
25051 5212.58 1856.6
25052 5226.53 2307.89
25075 1308.18 1682.5
25125 418.368 2407.9
25131 415.304 3058.4
25135 423.412 3104.02
25136 1754.03 1578.81
25137 438.412 2806.77
25153 470.33 3238.08
25191 819.935 3069.99
25194 1162.87 2799.47
25202 1001.84 3007.25
25203 787.032 3195.5
25208 917.706 3125.75
25210 805.497 3249.45
25215 375.825 3349.66
25223 442.257 3353.89
25224 1352.44 2796.77
25225 1043.39 3042.46
25231 1317.38 2855.05
25235 1120.01 3127.37
25240 1049.47 3235.78
25246 1083.06 3203.07
25255 1131.75 3244.22
25260 1303.91 3084.07
25264 1205.01 3243.46
25267 746.29 3348.03
25269 2825.85 1634.94
25270 1704.35 2793.99
25272 1607.44 2895.51
25273 1824.39 2663.58
25279 1786.75 2717.77
25284 3084.36 1280.02
25290 3134.81 1600.77
25297 1563.14 3247.78
25316 1891.87 3085.36
25321 1959.39 3053.12
25326 2584.34 2596.21
25327 2043.94 3130.5
25334 2589.32 2690.51
25338 2283.43 2937.92
25339 2164.26 3127.35
25344 2780.35 2552.57
25346 2721.17 2637.13
25347 2270.38 3090.75
25348 2537.44 2900.03
25349 2290.46 3126.36
25351 2179.8 3248.5
25357 2216.75 3197.45
25358 2353.43 3043.7
25359 2489.34 3011.88
25362 2662.82 2841.15
25369 2344.17 3255.6
25373 2570.72 3054.32
25378 2743.64 3009.9
25379 2639.69 3043.35
25380 4241.68 892.789
25390 2722.76 3091.97
25396 4295.06 906.557
25399 2786.27 3125.45
25409 4416.81 852.79
25411 4439.09 1497.51
25415 4488.56 1631.96
25418 4550.05 1562.9
25427 4605.88 845.729
25428 4603.63 847.396
25430 4605.88 845.729
25431 4616.18 1560.74
25432 4616.18 1560.74
25433 2872.71 3202.63
25446 4728.05 1473.5
25452 4757.13 1429.21
25455 4768.28 1352.61
25456 4775.62 1546.75
25457 4775.62 1546.75
25458 4785.22 1635.66
25461 4803.33 1561.31
25462 3172.6 3133.06
25463 3455.73 2840.85
25465 4835.96 919.667
25466 4847.29 1430.09
25467 4848.5 771.159
25468 3483.66 2862.37
25470 3097.68 3253.54
25472 4907.08 1710.61
25476 3273.86 3090.15
25480 4960.19 1012.46
25483 4983.71 1191.22
25485 3966.93 2565.26
25489 3616.74 2828.13
25495 3395.68 3121.83
25498 5073.71 716.491
25500 5073.94 903.783
25501 3811.31 2790.91
25504 3977.03 2610.76
25505 3977.03 2610.76
25511 3355.09 3227.83
25513 5026.66 2192.65
25515 5028.02 2279.83
25516 3677.96 3011.38
25520 3411.63 3189.07
25522 5265.73 702.488
25528 4034.14 2722.8
25531 5348.68 828.194
25532 4349.34 2561.7
25542 5458.44 1475.71
25548 5503.17 797.933
25549 5521.98 865.559
25551 3657.21 3185.19
25552 4618.01 2453.57
25553 5576.87 1580.01
25558 3869.32 3054.32
25562 5662.38 1241.16
25563 4221.48 2892.31
25564 5694.35 1073.61
25568 5709.13 680.873
25570 5709.58 682.149
25573 5713.43 700.917
25577 5761.78 586.647
25585 3860.11 3254.16
25588 4718.48 2539.75
25589 5815.69 655.484
25590 5831 679.614
25591 5831 679.614
25594 4629.49 2645.96
25595 3910.36 3252.76
25600 3934.56 3178.04
25601 5884.17 680.304
25603 5883.55 833.472
25604 5887.45 1237.96
25606 5916.38 1551.22
25609 5916.97 693.738
25610 5925.97 982.438
25614 3986.11 3209.07
25618 5956.85 685.803
25622 5981.75 988.702
25645 5217.21 1827.64
25657 4526.43 2938.34
25670 4940.08 2795.86
25672 4527.43 3077.26
25678 5274.04 1836.74
25680 5280.8 2082.45
25717 996.094 1527.01
25720 1015.61 1454.89
25735 1096.29 1533.96
25771 468.026 3035.93
25775 1409.02 1840.48
25776 480.489 3248.52
25777 1414.88 1723.58
25795 1523.63 2038.54
25797 800.47 2572.43
25820 1755.47 2032.72
25831 570.251 3358.37
25836 1067.96 2974.95
25846 1498.2 2459.59
25847 1166.95 3011.35
25848 1247.19 2861.76
25857 2289.89 1609.15
25868 1725.63 2695.59
25869 1957.16 2398.88
25870 1834.48 2546.52
25873 1078.53 3366.85
25874 1521.79 3127.73
25877 1528.32 3041.89
25879 1591.95 3072.94
25881 1611.43 3127.36
25884 1827.36 2902.66
25886 1875.89 2843.11
25890 2812.86 1599.79
25895 2198.92 2594.69
25902 2258.67 2594.69
25912 3108.78 1361.48
25916 3139.52 1358.98
25917 3135.12 1733.53
25918 2589.66 2406.73
25930 2443.26 2715.15
25931 2308.16 3010.91
25932 2494.39 2714.55
25935 2453.04 2865.16
25942 2685.32 2611.73
25945 2347.72 3215.34
25952 2747.23 2862.9
25953 2669.6 2946.84
25976 2877.29 3204.41
25982 3158.6 3011.86
25983 2968.19 3255.32
25992 3477.42 2626.03
25993 3559.56 2564.71
25994 3136.03 3074
26000 3315.09 2936.37
26001 3130.07 3257.15
26005 3352.66 3010.75
26007 4397.12 1483.81
26009 4427.98 1320.31
26010 4427.98 1320.31
26011 3600.04 2714.07
26015 4486.73 1712.55
26017 4518.76 1305.62
26019 4539.22 1369.19
26020 3500.46 3013.31
26023 4562.98 1634.62
26024 3625.55 2861.38
26027 4606.77 1554.02
26030 4625.68 1548.79
26032 4627.87 1575.45
26036 4640.05 1627.24
26037 3690.08 2849.74
26041 4054.56 2510.45
26043 4684.61 1558.95
26045 4730.8 842.366
26049 3943.26 2687.89
26050 4744.36 1032.24
26051 4741.6 1551.54
26053 4750.35 1558.59
26054 4750.35 1558.59
26057 4779.7 1891.5
26058 3820.18 2839.84
26062 3753.88 2975.43
26063 3753.88 2975.43
26064 3572.57 3258.39
26065 4848.03 1121.14
26066 4852.15 843.793
26070 3791.86 3013.46
26073 3699.07 3103.5
26078 4908.03 1261.7
26079 4914.82 1049.87
26080 4914.31 2110.09
26083 3755.02 3131.58
26084 4049.14 2794.25
26088 3892.18 2959.11
26096 5018.97 1717.93
26107 5122.05 809.497
26111 5025.46 1995.75
26116 5179.21 998.152
26117 4369.58 2640.3
26123 4067.91 3133.93
26124 4618.01 2453.57
26125 5282.96 1158.94
26131 5319.52 1186.11
26132 5320.19 1564.66
26135 5358.47 757.699
26136 5084.93 2125.1
26137 5088.93 2259.84
26142 5405.32 1092.7
26143 5410.62 849.608
26145 4301.99 3011.69
26148 5433.41 1508.46
26151 5469.2 829.629
26156 5511.25 1603.92
26158 4489.65 2856.74
26159 4177.4 3259.79
26166 4644.71 2722.1
26167 5583.34 763.283
26168 5589.47 1089.64
26170 5609.5 977.985
26172 4584.91 2857.98
26173 4485.91 2952
26175 4703.88 2792
26193 4520.82 3194.58
26210 5279.18 1990.99
26212 5280.32 2052.99
26219 4207.88 3369.24
26235 473.228 2254.82
26236 488.264 2050.6
26239 510.962 1314.85
26242 523.339 893.619
26251 295.074 3075.69
26255 566.457 1190.65
26256 569.821 1270.72
26275 623.539 1364.15
26280 657.967 1050.68
26285 674.332 1149.21
26286 674.332 1149.21
26287 680.078 1180.78
26288 685.778 1074.25
26295 33.0676 3370.11
26304 734.517 833.01
26313 790.989 895.27
26314 289.713 3245.74
26320 807.218 1181.75
26333 836.008 921.198
26338 857.956 947.124
26344 892.37 1540.97
26345 902.588 1047.53
26349 903.593 1187.11
26351 416.546 2360.16
26353 323.038 3306.76
26356 242.427 3365.16
26358 951.534 1533.66
26359 959.77 981.532
26367 498.562 2740.26
26371 523.213 2779.69
26380 684.317 1799.81
26388 789.463 2292.68
26389 789.642 2325.97
26394 598.109 3169.34
26395 598.109 3169.34
26400 903.752 2265.77
26405 914.485 1972.46
26406 914.656 1993.65
26407 909.699 2303.88
26426 1051.3 2022.68
26430 1262.42 805.867
26431 1262.42 805.867
26432 539.841 3349.32
26433 1132.22 2244.56
26436 1146.88 1901.15
26444 1153.98 2221.32
26446 1155.1 2196.47
26451 1255.27 1948.64
26452 866.856 2961.02
26461 1357.49 1962.21
26466 955.96 3013.03
26472 949.161 3203.27
26473 960.893 3250.44
26480 1170.53 2727.98
26483 1043.12 3206.25
26491 1677.48 803.726
26493 1679.86 1113.19
26495 1682.86 959.701
26497 1367.99 2619.06
26500 1722.06 990.313
26501 1427.82 2396.2
26505 1755.47 2032.72
26507 1287.29 2972.81
26514 1255.51 3242.03
26522 1902.06 809.347
26528 1561.13 2618.92
26535 2044.96 1402.95
26538 1535.23 3013.09
26540 1631.92 2862.67
26543 1329.33 3378.58
26544 1609.18 3053.19
26545 1834.48 2546.52
26546 1765.19 2737.78
26550 1915.49 2516.47
26552 1788.16 2898.73
26554 1726.05 3123.14
26557 1927.32 2658.31
26558 1927.32 2658.31
26560 1855.35 3012.71
26564 2021.08 2755.73
26569 1950.86 3127.63
26575 1965.89 3195.03
26577 1978.86 3185.41
26579 1981.19 3165.88
26581 2318.76 2482.82
26582 2017.2 3192.55
26585 2256.42 2745.38
26586 2071.66 3164.07
26599 2492.86 2819.21
26600 2494.22 2897.07
26601 2421.32 3129.8
26602 2577.19 2794.85
26603 2629.95 2650.93
26605 3140.46 1402.82
26612 2565.42 2941.77
26621 2708.84 2937.85
26622 2772.42 2902.04
26629 2750.02 3042.23
26640 2565.17 3374.37
26650 3242.74 2613.03
26653 3341.63 2505.42
26654 3100.99 3009.96
26655 3351.31 2480.98
26658 3337.06 2533.34
26664 3417.22 2612.61
26665 3154.12 3253.75
26667 3476.95 2604.16
26669 3216.22 3259.45
26673 3596.79 2580.59
26678 3420.59 3008.93
26686 3495.19 3086.65
26689 3839.6 2470.52
26690 3586.6 2937.47
26692 3704.15 2719.04
26693 3704.15 2719.04
26697 3586.6 3055.88
26700 3901.98 2514.71
26703 3711.92 2982.79
26705 3828.86 2791.93
26711 3944.76 2581.62
26718 4422.15 746.389
26719 3659.73 3259.23
26724 4063.14 2446.41
26725 3147.96 3501.8
26730 3935.06 2786.19
26731 3773.63 3067.45
26737 4516.48 1595.47
26738 3868.35 3013.46
26739 4522.18 1407.35
26740 4530.55 1562.99
26744 4544.81 1634.38
26746 4550.05 1562.9
26751 4614.54 1637.11
26752 4614.54 1637.11
26755 4632.79 1634
26758 4675.88 2130.52
26760 4674.66 1553.01
26762 3983 3080.45
26769 4147.12 2891.01
26778 4271.04 2752.79
26781 4484.41 2395.82
26788 4870.15 653.139
26789 4873.5 821.657
26798 4271.36 3010.93
26804 4958.69 1057.99
26810 4607.71 2424.36
26812 5033.69 694.925
26822 5023.42 1891.31
26828 4485.91 2952
26831 4365.98 3169.94
26833 5217.21 1104.43
26838 5085.38 2072.49
26843 4574.63 2982.39
26845 5289.05 701.111
26846 5298.06 1140.83
26850 5319.16 1094.66
26860 5137.59 1880.07
26861 5145.98 2217.56
26866 5150.65 1831.32
26882 5545.18 730.284
26888 5595.22 1554.85
26891 4832.63 3086.47
26897 472.268 3513.38
26900 559.14 3348.89
26901 680.312 2249.6
26903 706.813 1827.34
26907 827.806 1235.97
26909 614.491 3359.74
26914 721.678 2452.87
26918 788.551 1842.18
26919 791.231 1856.66
26921 793.025 1999.61
26926 803.711 2328.14
26928 775.173 2379.28
26929 775.173 2379.28
26933 890.638 1874.47
26935 903.877 2093.62
26939 912.96 1938.07
26944 930.735 1853.42
26945 923.006 2205.56
26946 923.006 2205.56
26947 949.796 2037.18
26950 962.512 1996.86
26952 961.138 2080.59
26957 925.88 2502.22
26958 929.348 2457.25
26961 963.027 2622.22
26964 1050.68 2316.46
26966 1134.46 1380.05
26969 1138.77 1806.77
26974 1156.85 2268.7
26977 1171.67 2078.72
26982 1196.54 2218.28
26984 1203.34 2179.28
26985 1089.71 3053.6
26987 1029.25 3357.77
26988 1267.04 1915.11
26991 1270.02 2085.79
26994 1268.32 2309.28
26995 1280.36 1950.13
26996 886.013 3711.23
27002 1310.6 2269.97
27005 1099.65 3360.35
27012 1377.09 2181.2
27014 1398.44 1039.77
27020 1437.24 1918.26
27022 1314.03 2903
27026 1500.26 1480.86
27033 1377.12 2915.19
27034 1368.39 3064.16
27038 1425.55 2944.77
27040 1329.88 3362.73
27042 1157.16 3793
27043 1157.16 3793
27046 1548.74 2811.23
27050 1535.87 3053.18
27057 1603.67 3253.42
27059 1841.72 1295.46
27061 1680.82 3127.84
27064 1898.92 1229.32
27066 1898.82 1492.86
27068 1777.09 2663.4
27070 1921.98 818.489
27071 1921.92 925.37
27072 1922.67 946.769
27073 1783.59 2692.4
27074 1921.06 1244.44
27079 1919.32 1961.04
27081 1709.69 3251.5
27083 1934.89 1356.21
27086 1824.39 2663.58
27087 1826.75 2628.17
27089 1980.37 1779.97
27096 1805.25 3088.64
27097 1805.25 3088.64
27101 1894.32 2813.28
27104 1893.8 2928.76
27110 1912.73 3041.57
27111 1832.29 3362.49
27113 1906.7 3241.52
27115 2081.1 2559.28
27119 2157.28 2546.52
27120 2112.97 2856.4
27121 2112.97 2856.4
27131 2128.57 3059.78
27132 2205.47 2693.46
27133 2453.55 2060.52
27134 1838.17 3678.95
27139 2209.76 2939.08
27140 2281.9 2898.49
27141 2299.76 2779.39
27143 2262.38 3128.47
27144 2517.63 1862.55
27145 2374.52 2691.48
27151 2209.69 3497.76
27152 2459.86 2940.16
27154 2170.26 3687.61
27155 2565.5 2934.56
27157 2661.7 2840.62
27158 2661.7 2840.62
27159 2644.52 3262.62
27160 2736.53 2902.69
27162 2744.74 3248.11
27179 2817.13 3365.39
27182 3038.54 3010.5
27183 3022.77 3130.84
27184 3160.45 2381.23
27185 3128.1 2691.98
27186 3154.57 2519.82
27189 3216.8 2425.59
27190 3163.68 2685.68
27191 3184.86 2553.79
27192 3166.02 2645.01
27193 3173.96 2690.95
27197 3189.46 2785.69
27198 3217.11 2690.42
27202 3206.87 2761
27206 3270.47 2900.32
27211 3409.97 2505.07
27215 2832.87 3766.02
27218 3075.1 3548.99
27221 2969.81 3693.52
27227 3544.35 2790.03
27229 3531.63 2862.52
27234 3528.39 3258.36
27235 3712 2393.42
27243 3749.33 3014.18
27248 3843.99 2896.45
27252 3882.79 3012.27
27257 3995.84 2689
27262 3991.33 2827.48
27263 4057.63 2655.88
27264 4021.94 2830.32
27265 4116.33 2509.57
27266 3837.35 3371.38
27267 4279.51 2315.4
27270 4186.42 2900.4
27289 4603.63 847.396
27294 4454.28 2443.83
27295 4632.79 1634
27300 4302.89 3260.24
27306 4683.91 2244.56
27310 4334.26 3277.19
27312 4377.95 3047.25
27314 4451.82 2855.49
27321 4438.87 3137.67
27328 4858.73 2293.63
27329 4848.65 1053.17
27332 4873.5 821.657
27334 4597.42 2959.85
27336 4921.62 706.734
27342 4985.15 701.401
27344 4658.41 3120.38
27345 4658.41 3120.38
27351 5045.73 1162.14
27354 5026.66 2192.65
27362 5044.24 1934.26
27378 5186.01 693.397
27379 5186.01 693.397
27380 4822.02 3203.1
27382 5208.44 726.235
27383 5217.72 963.399
27384 4955.45 2600.74
27385 4955.45 2600.74
27387 4714.05 3383.67
27390 5139.06 1937.78
27391 5139.06 1937.78
27395 4898.61 3244.94
27402 5317.95 895.938
27403 4945.52 3253.27
27406 5348.68 828.194
27409 5069.84 2906.86
27411 5072.55 2702.68
27414 5206.79 1842.77
27423 5229.79 1802.22
27426 5031.43 3214.98
27427 5431.63 1192.27
27428 5426.08 999.036
27431 5126.91 2372.98
27435 5129.24 3056.59
27436 5162.5 2954.16
27448 4994.68 3393.18
27450 5174.35 3255.76
27456 5614.47 934.403
27457 5255.83 3082.91
27458 5260.48 3118.29
27459 5627.05 996.566
27465 5661.15 1589.67
27473 5758.95 1926.22
27476 5784.32 2038.95
27477 5788.57 2140.98
27478 5756.26 707.803
27480 5769.17 681.098
27481 5379.64 3190.29
27482 5379.64 3190.29
27483 5824.97 1904.27
27487 5402.81 3157.16
27488 5836.45 1973.26
27493 5841.93 1783.22
27494 5846.01 1925.35
27495 5860.15 1901.96
27496 5421.28 3068.77
27499 90.6987 2086.27
27500 109.405 1806.6
27501 177.378 879.706
27502 84.8214 2983.16
27504 183.215 989.737
27505 192.726 833.027
27506 127.3 2072.51
27507 133.156 1961.44
27511 190.975 3080.94
27514 222.078 1525.16
27515 249.394 1039.92
27516 249.394 1039.92
27517 251.99 1101.36
27518 248.708 1191.69
27519 254.257 1147.05
27520 177.534 2586.15
27521 244.141 1734.9
27522 247.168 1665.77
27523 284.028 1125.61
27524 286.349 1167.36
27525 283.473 1242.51
27526 283.473 1242.51
27527 240.795 2159.13
27529 293.919 1305.12
27530 282.039 1521.19
27531 312.455 984.232
27532 313.493 1056.16
27533 286.491 1800.49
27534 318.571 1266.83
27535 328.19 1189.87
27538 344.168 1004.37
27539 417.516 3089.43
27541 410.778 3252.17
27543 414.901 3174.49
27544 315.386 1829.19
27546 322.375 1952.14
27547 361.294 1265.55
27548 356.103 1487.43
27549 358.484 1550.86
27550 376.927 1244.88
27551 347.214 1827.93
27552 398.21 964.426
27554 356.771 1875.85
27555 408.013 903.136
27556 469.156 3183.9
27557 352.702 2087.72
27559 363.4 2136.46
27560 480.489 3248.52
27561 419.49 1128.46
27562 436.436 868.08
27563 434.257 916.826
27564 378.611 2005.43
27566 418.689 1365.81
27567 385.949 2042.07
27568 387.447 2107.89
27569 793.572 3838.14
27570 393.958 2159.86
27571 462.624 886.856
27575 477.323 982.923
27577 485.778 918.972
27578 485.778 918.972
27579 485.844 956.102
27582 615.819 3360.21
27583 478.308 1595.67
27585 456.253 2212.01
27586 522.502 921.807
27588 528.232 954.554
27595 668.272 1828.82
27596 586.218 1296
27600 791.174 2058.02
27602 796.545 3126.15
27603 820.793 3192.27
27607 842.745 881.073
27608 862.825 1031.18
27620 1050.96 2073.74
27621 1051.67 1292.31
27631 1488.13 3899.37
27634 1247.73 2180.87
27638 1281.24 2245.39
27641 1539.46 3718.32
27643 1621.02 3884.44
27648 1732.66 3937.18
27649 1544.36 3091.66
27652 1596.94 2708.88
27656 1806.89 3613.13
27658 1734.76 2711.36
27659 1759 2695.92
27664 1984.63 3969.5
27669 1888.82 1523.36
27671 1921.94 1292.61
27673 1921.56 1348.49
27675 1918.69 1929.84
27676 2104.26 3869.41
27678 2115.3 3875.38
27679 1974.49 2242.94
27680 2143.18 3832.81
27681 2056.91 2389.6
27683 2032.93 2288.93
27691 2346.12 3650.22
27695 2507.5 3880.41
27697 2448.53 3118.85
27698 2584.78 3858.31
27699 2533.07 3010.81
27701 2625.14 2596.63
27704 2887.23 2713.27
27705 2941.54 2888.92
27706 2957.05 3458.28
27707 2965.83 2728.86
27708 2982.29 2500.98
27709 2994.02 2207.1
27711 3003.95 2520.27
27713 3023.81 2693.7
27715 3046.02 2063.55
27717 3037.06 3493.6
27723 3135.52 2706.13
27734 3176.45 3254.78
27738 3244.14 2541.66
27739 3299.29 2895.87
27745 3464.37 2532.27
27749 3566.91 3274.5
27752 3628.72 2269.27
27755 3646.43 3211.5
27756 3683.01 2651.55
27757 3693.34 2701.08
27762 3703.56 2831.42
27765 3662.44 3769.47
27766 3728.69 2913.86
27767 3793.49 1880.22
27770 3726.78 3773.91
27774 3952.96 3254.86
27775 3949.32 3399.69
27776 4047.55 1572.77
27777 4066.89 1544.02
27778 3962.44 3532.45
27782 4098.44 3262.31
27783 4095.4 3278.05
27784 4127.2 2704.43
27790 4141.26 3861.39
27791 4283.25 3276.49
27793 4374.8 1326.72
27801 4382.5 2362.07
27803 4392.85 2513.59
27805 4288.05 3619.67
27806 4413 2593.36
27809 4438.24 2423.11
27812 4490.44 2008.87
27815 4330.4 3652.42
27822 4524.98 2009.95
27828 4359.97 3710.13
27829 4555.46 2165.85
27836 4594.92 1224.48
27840 4565.88 3012.98
27844 4675.88 2130.52
27845 4630.5 2388.77
27848 4588.09 3321.16
27856 4552.14 3561.38
27858 4670.64 2707.79
27861 4690.66 2339.84
27870 4642.45 3617.26
27876 4828.86 2510.37
27879 4730.84 3680.25
27883 4890.7 3263.65
27884 4903.83 3232.95
27885 4903.83 3232.95
27886 5001.27 1998.46
27892 4887.14 3484.82
27894 5067.89 1931.86
27898 5111.81 2189.04
27900 4825.68 3898.73
27901 4938.45 3593.55
27903 5162.93 1838.7
27907 5233.25 1433.39
27908 5152.35 2987.81
27911 5206.42 1967.23
27913 5271.13 1641.07
27917 5233.38 1956.65
27920 908.02 1871.02
27946 1500.26 2689.69
27947 1349.41 1236.47
27948 1311.54 2214.03
27958 1857.74 2940.21
27960 1863.16 2830.81
27963 2011.97 2929.65
27964 1947.08 2627.4
27965 2096.02 3183.47
27970 2147.15 2818.45
27981 2281.13 3040.66
27993 2482.08 2928.53
27995 2187.89 1860.79
27998 2835.08 3382.05
28009 2818.92 3195.05
28021 3161.04 3380.94
28022 2962.39 2200.32
28024 3060.03 3212.41
28031 3111.86 2536.25
28045 3496.84 3054.79
28048 3730.83 3382.04
28056 3628.72 2269.27
28066 4189.78 2608.65
28069 4402.85 3127.77
28080 4446.81 2639.19
28096 4553.69 2129.54
28097 4553.69 2129.54
28115 4857.22 2569.53
28116 4857.22 2569.53
28124 5017.54 3247.26
28125 5021.78 3263.12
28129 5034.38 2826.03
28131 5248.02 3561.56
28132 5366.64 3748.37
28135 5110.34 2948.62
28136 4973.96 953.878
28138 5153.4 2989.31
28142 5088.93 2259.84
28147 5397.77 3522.09
28155 5349.61 3285.34
28160 5388.82 3170.33
28184 5539.17 3321.87
28210 5483.63 1439.69
28212 5500.17 2076.66
28213 5503.75 2189.78
28224 5557.07 2037
28230 5570.25 1751.27
28231 5596.19 2801.62
28234 5617.25 2830.62
28241 5674.72 3064.97
28244 5630.52 2023.36
28246 5655.37 2830.8
28247 5636.33 1863.29
28248 5735.3 3166.61
28249 5651.3 2188.63
28252 5652.87 2093.03
28255 5655.47 1908.47
28257 5674.75 2048.05
28260 5701.68 2346.62
28264 5726.65 2327.9
28265 5847.61 3259.92
28266 5833 3206.78
28271 5740.03 1862.22
28272 5803.27 3072.71
28275 5766.47 2358.95
28278 1131.25 2141.29
28310 2282.67 2744.36
28311 2345.42 2858.85
28312 1854.12 1798.43
28318 1918.34 1830.61
28348 3078.78 3055.82
28359 2598.65 2310.14
28369 3389.78 2927.71
28375 3589.48 3055.16
28382 3637.23 2621.07
28423 4539.72 1573.77
28522 5439.58 1749.85
28545 5650.61 1982.07
28560 5758.95 1926.22
28564 5800.03 2322.39
28566 5991.61 3054.07
28582 5846.01 1925.35
28583 5859.12 2312.98
28594 5900.41 1594.28
28596 5919.35 2279.02
28597 5919.35 2279.02
28599 5936.34 2475.29
28604 5940.4 2501.6
28607 5950.36 2705.16
28608 5948.87 1993.66
28611 5948.72 1794.8
28612 5972.53 2504.59
28616 5980.62 1895.73
28617 5998.4 2397
28618 5977.3 1478.46
28642 2085.53 3193.86
28656 1353.21 1057.24
28739 3181.68 1354.19
28748 4116.98 3058.24
28760 4511.76 3069.72
28781 5075.41 3136.37
28791 4411.02 1492.8
28799 4493.86 1627.53
28989 41.3277 1136.1
28992 1090.3 2494.6
29001 123.789 1170.49
29013 1620.77 3052.92
29048 571.284 1645.61
29211 5221.51 3079.06
29329 51.3343 833.693
29336 175.188 1385.91
29341 371.466 792.672
29342 376.373 832.893
29344 398.21 964.426
29345 376.113 1246.11
29348 434.431 820.223
29349 434.431 820.223
29362 654.059 881.513
29401 1920.29 1268.84
29812 8.76687 1112.21
29819 152.608 830.489
29822 169.773 1362.56
29826 279.639 842.519
29834 411.06 678.409
29835 442.656 712.204
30181 910.18 670.353
30261 4945.52 3253.27
33473 4979.56 1993.48
33488 5069.99 1984.6
33502 5276.58 1867.05
33536 5954.74 1968.87
33647 2814.27 1647.19
34388 3018.3 2732.9
35499 22.6152 1909.94
35518 52.2071 2255.49
35534 109.405 1806.6
35577 264.671 2079.87
35968 22.808 3082.47
36008 416.982 2079.68
36015 443.808 2012.24
36046 482.965 2079.44
36050 508.807 1923.59
36067 517.254 2054.43
36796 3764.44 1866.05
37281 1799.37 3124.51
37615 5315.58 672.092
37688 3695.08 3055.05
37725 2536.51 2760.07
37743 5489.24 562.134
37744 5628.34 557.765
37746 4026.97 3055.96
37781 1753.8 3182.49
37786 1975.41 3060.5
37819 5204.39 580.549
37820 5251.27 497.289
37822 5280.57 541.673
37823 5280.57 541.673
37824 5304.73 507.981
37825 5332.6 508.895
37827 5343.4 538.675
37828 5359.09 568.943
37838 5943.92 452.964
37841 4608.99 3057.67
37860 1023.44 1617.54
37868 490.06 2410.31
37875 826.113 2526.91
37878 1460.06 884.235
37880 942.804 2901.33
37883 1567.65 806.756
37894 1392.88 2515.04
37905 1655.44 2986.37
37924 2310.57 3130.7
37926 2248.98 3163.25
37932 3055.92 539.016
37940 3569.73 579.226
37944 3931.26 560.845
37962 3477.6 3055.23
37965 4521.23 1192.93
37972 4779.89 2097.14
37977 4836.88 742.298
37979 4844.93 556.212
37980 4868.73 578.953
37981 4868.73 578.953
37982 4889.87 440.789
37983 4899.13 439.864
37984 4910.72 1001.88
37988 5014.28 1255.63
37992 5161.6 767.811
37993 5168.09 808.508
38000 5251.27 497.289
38001 5268.84 572.407
38003 5306.29 460.102
38004 5312.36 287.952
38005 5318.41 565.357
38007 5390.34 274.165
38008 5393.8 332.389
38009 5431.09 486.149
38011 5517.37 247.602
38013 5734.36 534.274
38016 5945.05 343.383
38019 5964.85 1380.68
38033 199.689 3289.88
38040 819.499 753.616
38048 648.039 1840.07
38049 944.186 726.555
38050 997.025 760.912
38055 688.047 3091.48
38071 1312.28 2600.26
38072 1591.27 660.042
38099 2033.65 3376.2
38108 3447.37 558.336
38109 3633.77 629.872
38140 3930.23 3002.34
38144 4664.51 562.175
38147 4729.98 559.105
38148 4754.2 459.627
38156 4866.8 484.503
38157 4866.8 484.503
38158 4925.55 1248.38
38159 4976.22 504.727
38162 5169.08 665.458
38166 4534.24 3007.07
38168 5306.29 460.102
38173 3628.45 3670.98
38176 555.577 1014.36
38179 623.53 1702.03
38181 703.463 817.345
38185 613.099 3250.65
38189 910.18 670.353
38190 486.566 3550.93
38191 711.534 3246.15
38192 770.431 3125.77
38196 820.793 3192.27
38197 833.199 3253.01
38199 1049.19 1960.53
38200 1049.19 1960.53
38201 952.101 2480.94
38209 1350.68 741.143
38215 1313 3161.99
38223 1906.1 3130.64
38230 2608.11 742.573
38232 1777.79 3837.9
38236 3114.79 696.243
38274 4521.7 2339.95
38275 4760.3 576.68
38277 4913.94 427.517
38283 5193.32 907.197
38287 5514.98 765.43
38293 5290 1744.67
38296 1352.09 3951.26
38297 1356.16 3857.28
38298 1380.71 3714.14
38302 1596.08 3804.24
38310 1777.79 3837.9
38311 1794.35 3784.23
38316 1921.52 1367.04
38317 1922.44 851.924
38322 2024.61 3474.84
38326 2081.87 3859.14
38331 2170.26 3687.61
38338 2509.09 3767.55
38340 2790 2849.45
38341 2831.97 3796.46
38342 3105.23 654.023
38343 2907.02 3955.21
38345 3274.52 3055.41
38359 3773.14 3274.76
38360 3877.52 3130.5
38363 3750.81 3958.7
38368 4512.5 590.071
38370 4600.92 563.388
38376 4685.06 2496.76
38378 4980.7 1917.96
38382 4959.64 3455.39
38388 4919.09 3806.71
38391 5609.24 1248.22
38392 5407.62 2372.36
38397 5818.96 611.164
38398 5820.17 1121.61
38399 5848.14 1587.94
38407 5945.7 760.636
38408 5944.66 2568.47
38409 5950.45 2724.24
38411 5971.21 1658.82
38434 5860.84 3404
38436 5489.87 3888.39
38446 5732.44 3580.97
38522 -13.5605 3169.66
38524 72.0055 3045.72
38525 72.0055 3045.72
38526 -6.86896 923.269
38527 21.2972 628.781
38528 57.2589 731.332
38529 88.9311 929.163
38530 92.5264 830.647
38531 92.5264 830.647
38532 85.8945 1964
38533 125.023 865.152
38534 129.271 1057.76
38535 152.608 830.489
38536 170.25 648.193
38537 223.949 660.477
38538 224.74 971.703
38539 237.507 687.424
38540 248.344 944.084
38541 274.495 617.692
38542 287.262 743.139
38543 803.612 3373.43
38544 297.85 1956.12
38545 313.41 1118.48
38546 321.719 684.315
38547 361.332 731.419
38548 369.674 643.673
38549 372.792 1519.98
38550 377.055 603.039
38551 400.865 812.042
38553 524.133 652.492
38554 529.181 1029.77
38555 879.036 3123.59
38557 1248.91 3252.14
38560 1146.48 1922.66
38563 1299.58 1059.24
38565 1349.99 778.875
38566 1435.32 1214.19
38574 1918.38 1865.37
38594 3465.7 3013.33
38601 3913.67 3272.31
38603 4012.27 3177.17
38607 4375.01 2472.57
38609 4484.74 2949.94
38610 4461.69 1987.39
38623 1991.01 3191.9
38628 2402.67 3053.85
38653 4387.39 864.878
38661 4607.44 1707.22
38705 5791.84 1002.5
38706 5810.68 2630.24
38708 5845 699.25
38711 5939.06 2735.58
38712 5916.57 1530.39
38713 5940.4 2501.6
38721 1921.84 1187.43
38722 2184.14 979.746
38727 3414.54 3087.43
38767 4684.61 1558.95
38822 440.319 649.354
38823 443.314 597.152
38827 860.567 698.919
38830 2653.28 3195.6
39095 286.983 1426.85
39104 328.464 1747.04
39143 510.296 1820.26
39147 540.992 1738.56
39293 185.145 2872.03
39866 235.209 2838.95
39868 262.238 3080.23
40031 2189.58 3072.5
40089 1354.44 2147.82
40093 1120.87 2652.9
40110 1488.06 2436.53
40369 1057.15 1587.39
40373 1337.62 2271.01
40376 1661.38 1908.14
40528 3555.88 2590.33
40615 1919.71 1596.66
40616 1921.45 1494.73
40620 2154.55 2733.1
40634 2605.33 2609.71
40639 2800.15 3014.53
40690 3785.7 2300.73
40756 3769.97 2937.36
40798 3937.9 2949.03
40816 4126.78 2790.47
41087 3724.25 2861.86
41091 4080.52 3261.72
41142 4832.83 2709.96
41160 5032.87 3184.91
41176 5165.3 3268.89
41401 5878.93 3133.34
41924 4544.81 1634.38
43230 234.282 2939.83
43231 276.96 2801.44
43232 276.304 2942.72
43233 289.019 3110.07
43234 297.098 410.285
43235 343.195 543.696
43236 352.097 338.014
43237 354.715 1109.07
43238 361.331 385.746
43239 367.218 2117.65
43240 387.77 368.641
43241 390.82 408.155
43242 398.107 1267.49
43243 402.377 646.519
43244 411.06 678.409
43245 417.766 1568.19
43246 439.516 2849.26
43247 445.168 443.35
43248 446.805 552.239
43249 446.531 2753.41
43250 451.313 2691.31
43251 458.469 963.05
43252 471.234 1882.55
43253 471.773 522.484
43254 471.598 291.058
43255 474.191 472.647
43256 476.562 686.037
43257 478.308 1595.67
43258 478.007 2524.6
43259 489.024 700.165
43260 502.702 483.357
43261 514.782 566.71
43262 517.058 1658.25
43263 522.949 266.947
43264 526.587 3141.61
43265 584.182 786.817
43266 647.138 755.922
43267 663.037 774.659
43268 714.815 3044.04
43269 731.922 1690.99
43270 739.723 754.336
43271 785.678 549.25
43272 793.239 598.04
43273 801.516 2965.83
43274 799.773 3239.21
43275 818.172 414.006
43276 820.883 814.747
43277 830.099 667.768
43278 861.802 302.731
43279 873.965 576.965
43280 874.622 421.707
43281 877.916 530.96
43282 878.323 470.915
43283 898.865 514.546
43284 901.662 392.102
43285 916.135 460.69
43286 939.323 355.476
43287 957.329 2822.78
43288 960.499 396.606
43289 963.773 436.763
43290 971.624 531.885
43291 976.809 604.297
43292 1003.54 2819.41
43293 1031.73 359.976
43294 1056.38 308.505
43295 1057.64 270.023
43296 1084.79 2792.74
43297 1092.22 482.763
43298 1115.15 1623.57
43299 1128.12 270.339
43300 1188.83 636.668
43301 1197.11 2290.63
43302 1335.36 512.752
43303 1387.11 2557.03
43304 1393.95 533.738
43305 1480.95 381.313
43306 1487.2 460.395
43307 1497.18 402.322
43308 1551.31 2438.88
43309 1565.46 2903.15
43310 1650.59 465.153
43311 1657.36 446.176
43312 1667.8 479.758
43313 1683.01 429.809
43314 1683.48 393.971
43315 1709.02 3249.74
43316 1716.12 303.822
43317 1716.68 401.811
43318 1719.67 2307.8
43319 1726.77 281.484
43320 1738.22 303.732
43321 1740.86 448.252
43322 1744.41 400.127
43323 1752.17 1945.56
43324 1755.37 304.512
43325 1770.25 937.021
43326 1901.78 2716.29
43327 1922.94 426.428
43328 2017.11 2613.41
43329 2042.47 517.11
43330 2049.64 411.983
43331 2186.03 1929.61
43332 2193.34 2857.12
43333 2225.64 611.738
43334 2269.32 566.604
43335 2351.77 407.196
43336 2352.94 610.07
43337 2369.69 288.252
43338 2370.11 262.214
43339 2394.99 406.256
43340 2400.92 286.594
43341 2452.48 617.702
43342 2522.51 701.52
43343 2539.7 2689.82
43344 2586.35 685.763
43345 2590.83 488.986
43346 2614.1 640.093
43347 2649.29 570.937
43348 2662.49 508.838
43349 2672.48 2594.88
43350 2824.67 249.54
43351 2876.61 582.152
43352 3037.9 263.806
43353 3043.6 3042.79
43354 3065.23 735.136
43355 3070.64 489.392
43356 3075.45 538.597
43357 3077.14 2791.06
43358 3197.29 465.002
43359 3213.39 452.588
43360 3290.74 544.921
43361 3309.16 523.964
43362 3309.16 523.964
43363 3367.14 569.35
43364 3434.4 471.727
43365 3503.25 3129.39
43366 3518.59 3696.37
43367 3573.05 563.647
43368 3628.37 1671.62
43369 3717.56 337.172
43370 3735.55 255.323
43371 3756.51 2789.12
43372 3765.9 2827.82
43373 3767.38 423.508
43374 3789.81 375.75
43375 3953.5 3256.4
43376 3963.34 3054.84
43377 4019.68 585.208
43378 4028.95 193.987
43379 4045.74 3132.33
43380 4074.5 2688.53
43381 4086.86 441.014
43382 4090.1 550.534
43383 4120.48 494.839
43384 4177.52 2928.23
43385 4214.68 456.238
43386 4242.51 2688.39
43387 4251.19 358.662
43388 4256.45 2724.17
43389 4269.06 3009.12
43390 4408.59 211.223
43391 4433.62 352.709
43392 4441.91 331.91
43393 4474.28 398.381
43394 4521.23 1192.93
43395 4571.75 1094.5
43396 4572.38 969.973
43397 4594.92 1224.48
43398 4660.31 2755.55
43399 4726.34 1421.83
43400 4733.05 341.995
43401 4733.05 341.995
43402 4733.27 392.198
43403 4752.75 197.047
43404 4757.48 296.709
43405 4759.13 359.586
43406 4760.69 2012.3
43407 4797.9 582.281
43408 4804.96 522.608
43409 4819.88 2441.07
43410 4821.96 291.566
43411 4867.24 2921.54
43412 4875.88 2244.26
43413 4909.63 2005.68
43414 4929.75 125.804
43415 4948.31 3216.62
43416 5038.49 227.479
43417 5062.75 1397.96
43418 5174.35 3255.76
43419 5188.88 76.4697
43420 5218.61 206.301
43421 5250.03 2386.53
43422 5335.43 2782.77
43423 5333.48 74.8926
43424 5357.74 200.576
43425 5371.93 2861.12
43426 5375.45 67.6153
43427 5403.37 248.046
43428 5440.73 684.326
43429 5454.29 128.436
43430 5464.45 249.283
43431 5554.83 372.87
43432 5593.67 410.398
43433 5717.81 1594.14